LEA,LEA Name,Position Category,Rural Status,2023-2024 Headcount,2024-2025 Headcount,Difference,People Returned,People Left ,New People,Turnover Rate,
0010,Mapleton 1,Adminstrators,Non-Rural,20,15,-5,13,7,2,35.00%,
0010,Mapleton 1,Crafts/Trades/Services,Non-Rural,130,152,22,119,11,33,8.46%,
0010,Mapleton 1,Instructional Support,Non-Rural,36,44,8,23,13,21,36.11%,
0010,Mapleton 1,Office/Administrative Support,Non-Rural,63,64,1,52,11,12,17.46%,
0010,Mapleton 1,Other Support/Special Service Providers,Non-Rural,38,33,-5,28,10,5,26.32%,
0010,Mapleton 1,Paraprofessional,Non-Rural,145,157,12,118,27,39,18.62%,
0010,Mapleton 1,Principals,Non-Rural,38,38,0,36,2,2,5.26%,
0010,Mapleton 1,Professional-Other,Non-Rural,54,49,-5,35,19,14,35.19%,
0010,Mapleton 1,Teachers,Non-Rural,404,414,10,322,82,92,20.30%,
0010,Mapleton 1 Total,0010 All Job Catagories,Non-Rural,928,966,38,746,182,220,19.61%,
0020,Adams 12 Five Star Schools,Adminstrators,Non-Rural,22,25,3,19,3,6,13.64%,
0020,Adams 12 Five Star Schools,Crafts/Trades/Services,Non-Rural,643,617,-26,511,132,106,20.53%,
0020,Adams 12 Five Star Schools,Instructional Support,Non-Rural,375,378,3,315,60,63,16.00%,
0020,Adams 12 Five Star Schools,Office/Administrative Support,Non-Rural,284,275,-9,236,48,39,16.90%,
0020,Adams 12 Five Star Schools,Other Support/Special Service Providers,Non-Rural,253,255,2,199,54,56,21.34%,
0020,Adams 12 Five Star Schools,Paraprofessional,Non-Rural,970,960,-10,738,232,222,23.92%,
0020,Adams 12 Five Star Schools,Principals,Non-Rural,140,137,-3,120,20,17,14.29%,
0020,Adams 12 Five Star Schools,Professional-Other,Non-Rural,321,310,-11,259,62,51,19.31%,
0020,Adams 12 Five Star Schools,Teachers,Non-Rural,2080,2050,-30,1757,323,293,15.53%,
0020,Adams 12 Five Star Schools Total,0020 All Job Catagories,Non-Rural,5088,5007,-81,4154,934,853,18.36%,
0030,Adams County 14,Adminstrators,Non-Rural,24,40,16,17,7,23,29.17%,
0030,Adams County 14,Crafts/Trades/Services,Non-Rural,130,141,11,110,20,31,15.38%,
0030,Adams County 14,Instructional Support,Non-Rural,30,32,2,16,14,16,46.67%,
0030,Adams County 14,Office/Administrative Support,Non-Rural,45,45,0,37,8,8,17.78%,
0030,Adams County 14,Other Support/Special Service Providers,Non-Rural,23,25,2,10,13,15,56.52%,
0030,Adams County 14,Paraprofessional,Non-Rural,144,129,-15,113,31,16,21.53%,
0030,Adams County 14,Principals,Non-Rural,23,21,-2,15,8,6,34.78%,
0030,Adams County 14,Professional-Other,Non-Rural,47,38,-9,26,21,12,44.68%,
0030,Adams County 14,Teachers,Non-Rural,349,330,-19,261,88,69,25.21%,
0030,Adams County 14 Total,0030 All Job Catagories Totals,Non-Rural,815,801,-14,605,210,196,25.77%,
0040,School District 27J,Adminstrators,Non-Rural,28,35,7,23,5,12,17.86%,
0040,School District 27J,Crafts/Trades/Services,Non-Rural,234,297,63,181,53,116,22.65%,
0040,School District 27J,Instructional Support,Non-Rural,127,125,-2,100,27,25,21.26%,
0040,School District 27J,Office/Administrative Support,Non-Rural,118,133,15,92,26,41,22.03%,
0040,School District 27J,Other Support/Special Service Providers,Non-Rural,99,104,5,76,23,28,23.23%,
0040,School District 27J,Paraprofessional,Non-Rural,329,360,31,241,88,119,26.75%,
0040,School District 27J,Principals,Non-Rural,71,76,5,60,11,16,15.49%,
0040,School District 27J,Professional-Other,Non-Rural,60,64,4,47,13,17,21.67%,
0040,School District 27J,Teachers,Non-Rural,1226,1231,5,1045,181,186,14.76%,
0040,School District 27J Total,0040 All Job Catagories Totals,Non-Rural,2292,2425,133,1865,427,560,18.63%,
0050,Bennett 29J,Adminstrators,Rural,7,5,-2,3,4,2,57.14%,
0050,Bennett 29J,Crafts/Trades/Services,Rural,34,31,-3,25,9,6,26.47%,
0050,Bennett 29J,Instructional Support,Rural,10,10,0,6,4,4,40.00%,
0050,Bennett 29J,Office/Administrative Support,Rural,10,14,4,8,2,6,20.00%,
0050,Bennett 29J,Other Support/Special Service Providers,Rural,6,6,0,3,3,3,50.00%,
0050,Bennett 29J,Paraprofessional,Rural,28,29,1,15,13,14,46.43%,
0050,Bennett 29J,Principals,Rural,7,8,1,7,0,1,0.00%,
0050,Bennett 29J,Professional-Other,Rural,6,6,0,5,1,1,16.67%,
0050,Bennett 29J,Teachers,Rural,97,93,-4,63,34,30,35.05%,
0050,Bennett 29J Total,0050 All Job Catagories Totals,Rural,205,202,-3,135,70,67,34.15%,
0060,Strasburg 31J,Adminstrators,Rural,1,1,0,0,1,1,100.00%,
0060,Strasburg 31J,Crafts/Trades/Services,Rural,32,29,-3,27,5,2,15.63%,
0060,Strasburg 31J,Instructional Support,Rural,9,7,-2,6,3,1,33.33%,
0060,Strasburg 31J,Office/Administrative Support,Rural,7,6,-1,5,2,1,28.57%,
0060,Strasburg 31J,Other Support/Special Service Providers,Rural,3,3,0,3,0,0,0.00%,
0060,Strasburg 31J,Paraprofessional,Rural,30,32,2,21,9,11,30.00%,
0060,Strasburg 31J,Principals,Rural,5,7,2,4,1,3,20.00%,
0060,Strasburg 31J,Professional-Other,Rural,8,7,-1,4,4,3,50.00%,
0060,Strasburg 31J,Teachers,Rural,72,67,-5,55,17,12,23.61%,
0060,Strasburg 31J Total,0060 All Job Catagories Totals,Rural,167,159,-8,125,42,34,25.15%,
0070,Westminster Public Schools,Adminstrators,Non-Rural,25,22,-3,22,3,0,12.00%,
0070,Westminster Public Schools,Crafts/Trades/Services,Non-Rural,104,108,4,94,10,14,9.62%,
0070,Westminster Public Schools,Instructional Support,Non-Rural,38,50,12,25,13,25,34.21%,
0070,Westminster Public Schools,Office/Administrative Support,Non-Rural,88,89,1,74,14,15,15.91%,
0070,Westminster Public Schools,Other Support/Special Service Providers,Non-Rural,40,44,4,36,4,8,10.00%,
0070,Westminster Public Schools,Paraprofessional,Non-Rural,180,173,-7,146,34,27,18.89%,
0070,Westminster Public Schools,Principals,Non-Rural,35,33,-2,28,7,5,20.00%,
0070,Westminster Public Schools,Professional-Other,Non-Rural,35,34,-1,27,8,7,22.86%,
0070,Westminster Public Schools,Teachers,Non-Rural,443,427,-16,353,90,74,20.32%,
0070,Westminster Public Schools Total,0070 All Job Catagories Totals,Non-Rural,988,980,-8,805,183,175,18.52%,
0100,Alamosa RE-11J,Adminstrators,Rural,4,3,-1,3,1,0,25.00%,
0100,Alamosa RE-11J,Crafts/Trades/Services,Rural,68,68,0,58,10,10,14.71%,
0100,Alamosa RE-11J,Instructional Support,Rural,20,16,-4,16,4,0,20.00%,
0100,Alamosa RE-11J,Office/Administrative Support,Rural,18,17,-1,14,4,3,22.22%,
0100,Alamosa RE-11J,Other Support/Special Service Providers,Rural,6,6,0,6,0,0,0.00%,
0100,Alamosa RE-11J,Paraprofessional,Rural,34,45,11,26,8,19,23.53%,
0100,Alamosa RE-11J,Principals,Rural,11,11,0,8,3,3,27.27%,
0100,Alamosa RE-11J,Professional-Other,Rural,10,11,1,9,1,2,10.00%,
0100,Alamosa RE-11J,Teachers,Rural,134,136,2,121,13,15,9.70%,
0100,Alamosa RE-11J Total,0100 All Job Catagories Totals,Rural,305,313,8,261,44,52,14.43%,
0110,Sangre De Cristo Re-22J,Adminstrators,Small Rural,1,1,0,1,0,0,0.00%,
0110,Sangre De Cristo Re-22J,Crafts/Trades/Services,Small Rural,12,12,0,9,3,3,25.00%,
0110,Sangre De Cristo Re-22J,Instructional Support,Small Rural,4,4,0,2,2,2,50.00%,
0110,Sangre De Cristo Re-22J,Office/Administrative Support,Small Rural,2,2,0,1,1,1,50.00%,
0110,Sangre De Cristo Re-22J,Other Support/Special Service Providers,Small Rural,1,1,0,1,0,0,0.00%,
0110,Sangre De Cristo Re-22J,Paraprofessional,Small Rural,4,4,0,4,0,0,0.00%,
0110,Sangre De Cristo Re-22J,Principals,Small Rural,1,1,0,0,1,1,100.00%,
0110,Sangre De Cristo Re-22J,Professional-Other,Small Rural,1,1,0,1,0,0,0.00%,
0110,Sangre De Cristo Re-22J,Teachers,Small Rural,26,25,-1,22,4,3,15.38%,
0110,Sangre De Cristo Re-22J Total,0110 All Job Catagories Totals,Small Rural,52,51,-1,41,11,10,21.15%,
0120,Englewood 1,Adminstrators,Non-Rural,13,12,-1,9,4,3,30.77%,
0120,Englewood 1,Crafts/Trades/Services,Non-Rural,51,48,-3,36,15,12,29.41%,
0120,Englewood 1,Instructional Support,Non-Rural,22,22,0,14,8,8,36.36%,
0120,Englewood 1,Office/Administrative Support,Non-Rural,28,38,10,23,5,15,17.86%,
0120,Englewood 1,Other Support/Special Service Providers,Non-Rural,23,22,-1,19,4,3,17.39%,
0120,Englewood 1,Paraprofessional,Non-Rural,96,96,0,71,25,25,26.04%,
0120,Englewood 1,Principals,Non-Rural,12,15,3,10,2,5,16.67%,
0120,Englewood 1,Professional-Other,Non-Rural,19,20,1,14,5,6,26.32%,
0120,Englewood 1,Teachers,Non-Rural,168,170,2,135,33,35,19.64%,
0120,Englewood 1 Total,0120 All Job Catagories Totals,Non-Rural,432,443,11,331,101,112,23.38%,
0123,Sheridan 2,Adminstrators,Non-Rural,8,7,-1,3,5,4,62.50%,
0123,Sheridan 2,Crafts/Trades/Services,Non-Rural,39,32,-7,27,12,5,30.77%,
0123,Sheridan 2,Instructional Support,Non-Rural,11,6,-5,6,5,0,45.45%,
0123,Sheridan 2,Office/Administrative Support,Non-Rural,14,8,-6,7,7,1,50.00%,
0123,Sheridan 2,Other Support/Special Service Providers,Non-Rural,13,14,1,8,5,6,38.46%,
0123,Sheridan 2,Paraprofessional,Non-Rural,50,41,-9,30,20,11,40.00%,
0123,Sheridan 2,Principals,Non-Rural,7,6,-1,4,3,2,42.86%,
0123,Sheridan 2,Professional-Other,Non-Rural,15,15,0,14,1,1,6.67%,
0123,Sheridan 2,Teachers,Non-Rural,71,69,-2,40,31,29,43.66%,
0123,Sheridan 2 Total,0123 All Job Catagories Totals,Non-Rural,228,198,-30,139,89,59,39.04%,
0130,Cherry Creek 5,Adminstrators,Non-Rural,57,59,2,51,6,8,10.53%,
0130,Cherry Creek 5,Crafts/Trades/Services,Non-Rural,819,898,79,625,194,273,23.69%,
0130,Cherry Creek 5,Instructional Support,Non-Rural,345,475,130,289,56,186,16.23%,
0130,Cherry Creek 5,Office/Administrative Support,Non-Rural,511,515,4,430,81,85,15.85%,
0130,Cherry Creek 5,Other Support/Special Service Providers,Non-Rural,532,584,52,464,68,120,12.78%,
0130,Cherry Creek 5,Paraprofessional,Non-Rural,1758,1949,191,1336,422,613,24.00%,
0130,Cherry Creek 5,Principals,Non-Rural,162,160,-2,146,16,14,9.88%,
0130,Cherry Creek 5,Professional-Other,Non-Rural,413,450,37,363,50,87,12.11%,
0130,Cherry Creek 5,Teachers,Non-Rural,3335,3273,-62,2885,450,388,13.49%,
0130,Cherry Creek 5 Total,0130 All Job Catagories Totals,Non-Rural,7932,8363,431,6589,1343,1774,16.93%,
0140,Littleton 6,Adminstrators,Non-Rural,32,34,2,29,3,5,9.38%,
0140,Littleton 6,Crafts/Trades/Services,Non-Rural,252,278,26,197,55,81,21.83%,
0140,Littleton 6,Instructional Support,Non-Rural,82,82,0,62,20,20,24.39%,
0140,Littleton 6,Office/Administrative Support,Non-Rural,140,136,-4,112,28,24,20.00%,
0140,Littleton 6,Other Support/Special Service Providers,Non-Rural,112,115,3,90,22,25,19.64%,
0140,Littleton 6,Paraprofessional,Non-Rural,508,504,-4,356,152,148,29.92%,
0140,Littleton 6,Principals,Non-Rural,58,59,1,53,5,6,8.62%,
0140,Littleton 6,Professional-Other,Non-Rural,45,43,-2,34,11,9,24.44%,
0140,Littleton 6,Teachers,Non-Rural,788,784,-4,700,88,84,11.17%,
0140,Littleton 6 Total,0140 All Job Catagories Totals,Non-Rural,2017,2035,18,1633,384,402,19.04%,
0170,Deer Trail 26J,Adminstrators,Small Rural,1,1,0,1,0,0,0.00%,
0170,Deer Trail 26J,Crafts/Trades/Services,Small Rural,12,9,-3,7,5,2,41.67%,
0170,Deer Trail 26J,Instructional Support,Small Rural,1,4,3,1,0,3,0.00%,
0170,Deer Trail 26J,Office/Administrative Support,Small Rural,3,3,0,3,0,0,0.00%,
0170,Deer Trail 26J,Other Support/Special Service Providers,Small Rural,1,1,0,1,0,0,0.00%,
0170,Deer Trail 26J,Paraprofessional,Small Rural,11,9,-2,6,5,3,45.45%,
0170,Deer Trail 26J,Principals,Small Rural,2,2,0,2,0,0,0.00%,
0170,Deer Trail 26J,Professional-Other,Small Rural,2,2,0,2,0,0,0.00%,
0170,Deer Trail 26J,Teachers,Small Rural,28,28,0,21,7,7,25.00%,
0170,Deer Trail 26J Total,0170 All Job Catagories Totals,Small Rural,61,59,-2,44,17,15,27.87%,
0180,Adams-Arapahoe 28J,Adminstrators,Non-Rural,49,48,-1,32,17,16,34.69%,
0180,Adams-Arapahoe 28J,Crafts/Trades/Services,Non-Rural,552,613,61,473,79,140,14.31%,
0180,Adams-Arapahoe 28J,Instructional Support,Non-Rural,433,476,43,319,114,157,26.33%,
0180,Adams-Arapahoe 28J,Office/Administrative Support,Non-Rural,316,317,1,262,54,55,17.09%,
0180,Adams-Arapahoe 28J,Other Support/Special Service Providers,Non-Rural,354,373,19,263,91,110,25.71%,
0180,Adams-Arapahoe 28J,Paraprofessional,Non-Rural,885,949,64,679,206,270,23.28%,
0180,Adams-Arapahoe 28J,Principals,Non-Rural,171,160,-11,128,43,32,25.15%,
0180,Adams-Arapahoe 28J,Professional-Other,Non-Rural,393,435,42,336,57,99,14.50%,
0180,Adams-Arapahoe 28J,Teachers,Non-Rural,2339,2345,6,1848,491,497,20.99%,
0180,Adams-Arapahoe 28J Total,0180 All Job Catagories Totals,Non-Rural,5492,5716,224,4340,1152,1376,20.98%,
0190,Byers 32J,Adminstrators,Rural,12,12,0,11,1,1,8.33%,
0190,Byers 32J,Crafts/Trades/Services,Rural,13,15,2,10,3,5,23.08%,
0190,Byers 32J,Instructional Support,Rural,6,9,3,6,0,3,0.00%,
0190,Byers 32J,Office/Administrative Support,Rural,5,5,0,5,0,0,0.00%,
0190,Byers 32J,Other Support/Special Service Providers,Rural,8,8,0,8,0,0,0.00%,
0190,Byers 32J,Paraprofessional,Rural,46,39,-7,29,17,10,36.96%,
0190,Byers 32J,Principals,Rural,9,10,1,6,3,4,33.33%,
0190,Byers 32J,Professional-Other,Rural,2,6,4,1,1,5,50.00%,
0190,Byers 32J,Teachers,Rural,137,173,36,107,30,66,21.90%,
0190,Byers 32J Total,0190 All Job Catagories Totals,Rural,238,277,39,183,55,94,23.11%,
0220,Archuleta County 50 Jt,Adminstrators,Rural,5,4,-1,3,2,1,40.00%,
0220,Archuleta County 50 Jt,Crafts/Trades/Services,Rural,46,40,-6,31,15,9,32.61%,
0220,Archuleta County 50 Jt,Instructional Support,Rural,10,11,1,7,3,4,30.00%,
0220,Archuleta County 50 Jt,Office/Administrative Support,Rural,13,13,0,11,2,2,15.38%,
0220,Archuleta County 50 Jt,Other Support/Special Service Providers,Rural,0,0,0,0,0,0,NA,
0220,Archuleta County 50 Jt,Paraprofessional,Rural,42,42,0,32,10,10,23.81%,
0220,Archuleta County 50 Jt,Principals,Rural,9,9,0,8,1,1,11.11%,
0220,Archuleta County 50 Jt,Professional-Other,Rural,13,10,-3,10,3,0,23.08%,
0220,Archuleta County 50 Jt,Teachers,Rural,116,120,4,96,20,24,17.24%,
0220,Archuleta County 50 Jt Total,0220 All Job Catagories Totals,Rural,254,249,-5,198,56,51,22.05%,
0230,Walsh RE-1,Adminstrators,Small Rural,1,1,0,1,0,0,0.00%,
0230,Walsh RE-1,Crafts/Trades/Services,Small Rural,9,9,0,9,0,0,0.00%,
0230,Walsh RE-1,Instructional Support,Small Rural,1,1,0,1,0,0,0.00%,
0230,Walsh RE-1,Office/Administrative Support,Small Rural,3,3,0,3,0,0,0.00%,
0230,Walsh RE-1,Other Support/Special Service Providers,Small Rural,0,0,0,0,0,0,NA,
0230,Walsh RE-1,Paraprofessional,Small Rural,3,2,-1,2,1,0,33.33%,
0230,Walsh RE-1,Principals,Small Rural,1,1,0,1,0,0,0.00%,
0230,Walsh RE-1,Professional-Other,Small Rural,1,1,0,1,0,0,0.00%,
0230,Walsh RE-1,Teachers,Small Rural,19,17,-2,17,2,0,10.53%,
0230,Walsh RE-1 Total,0230 All Job Catagories Totals,Small Rural,38,35,-3,35,3,0,7.89%,
0240,Pritchett RE-3,Adminstrators,Small Rural,2,2,0,2,0,0,0.00%,
0240,Pritchett RE-3,Crafts/Trades/Services,Small Rural,5,4,-1,3,2,1,40.00%,
0240,Pritchett RE-3,Instructional Support,Small Rural,1,1,0,1,0,0,0.00%,
0240,Pritchett RE-3,Office/Administrative Support,Small Rural,1,1,0,1,0,0,0.00%,
0240,Pritchett RE-3,Other Support/Special Service Providers,Small Rural,0,0,0,0,0,0,NA,
0240,Pritchett RE-3,Paraprofessional,Small Rural,0,1,1,0,0,1,NA,
0240,Pritchett RE-3,Principals,Small Rural,0,0,0,0,0,0,NA,
0240,Pritchett RE-3,Professional-Other,Small Rural,0,0,0,0,0,0,NA,
0240,Pritchett RE-3,Teachers,Small Rural,10,11,1,9,1,2,10.00%,
0240,Pritchett RE-3 Total,0240 All Job Catagories Totals,Small Rural,19,20,1,16,3,4,15.79%,
0250,Springfield RE-4,Adminstrators,Small Rural,3,3,0,3,0,0,0.00%,
0250,Springfield RE-4,Crafts/Trades/Services,Small Rural,8,7,-1,4,4,3,50.00%,
0250,Springfield RE-4,Instructional Support,Small Rural,1,3,2,0,1,3,100.00%,
0250,Springfield RE-4,Office/Administrative Support,Small Rural,3,3,0,3,0,0,0.00%,
0250,Springfield RE-4,Other Support/Special Service Providers,Small Rural,1,0,-1,0,1,0,100.00%,
0250,Springfield RE-4,Paraprofessional,Small Rural,14,12,-2,6,8,6,57.14%,
0250,Springfield RE-4,Principals,Small Rural,2,2,0,2,0,0,0.00%,
0250,Springfield RE-4,Professional-Other,Small Rural,1,1,0,1,0,0,0.00%,
0250,Springfield RE-4,Teachers,Small Rural,32,31,-1,25,7,6,21.88%,
0250,Springfield RE-4 Total,0250 All Job Catagories Totals,Small Rural,65,62,-3,44,21,18,32.31%,
0260,Vilas RE-5,Adminstrators,Small Rural,1,1,0,1,0,0,0.00%,
0260,Vilas RE-5,Crafts/Trades/Services,Small Rural,4,3,-1,2,2,1,50.00%,
0260,Vilas RE-5,Instructional Support,Small Rural,1,0,-1,0,1,0,100.00%,
0260,Vilas RE-5,Office/Administrative Support,Small Rural,2,2,0,2,0,0,0.00%,
0260,Vilas RE-5,Other Support/Special Service Providers,Small Rural,0,0,0,0,0,0,NA,
0260,Vilas RE-5,Paraprofessional,Small Rural,3,3,0,3,0,0,0.00%,
0260,Vilas RE-5,Principals,Small Rural,0,1,1,0,0,1,NA,
0260,Vilas RE-5,Professional-Other,Small Rural,0,0,0,0,0,0,NA,
0260,Vilas RE-5,Teachers,Small Rural,10,9,-1,7,3,2,30.00%,
0260,Vilas RE-5 Total,0260 All Job Catagories Totals,Small Rural,21,19,-2,15,6,4,28.57%,
0270,Campo RE-6,Adminstrators,Small Rural,1,1,0,1,0,0,0.00%,
0270,Campo RE-6,Crafts/Trades/Services,Small Rural,4,4,0,3,1,1,25.00%,
0270,Campo RE-6,Instructional Support,Small Rural,0,0,0,0,0,0,NA,
0270,Campo RE-6,Office/Administrative Support,Small Rural,2,2,0,2,0,0,0.00%,
0270,Campo RE-6,Other Support/Special Service Providers,Small Rural,0,0,0,0,0,0,NA,
0270,Campo RE-6,Paraprofessional,Small Rural,4,6,2,3,1,3,25.00%,
0270,Campo RE-6,Principals,Small Rural,1,1,0,1,0,0,0.00%,
0270,Campo RE-6,Professional-Other,Small Rural,1,0,-1,0,1,0,100.00%,
0270,Campo RE-6,Teachers,Small Rural,7,8,1,7,0,1,0.00%,
0270,Campo RE-6 Total,0270 All Job Catagories Totals,Small Rural,20,22,2,17,3,5,15.00%,
0290,Las Animas RE-1,Adminstrators,Small Rural,5,3,-2,2,3,1,60.00%,
0290,Las Animas RE-1,Crafts/Trades/Services,Small Rural,9,10,1,8,1,2,11.11%,
0290,Las Animas RE-1,Instructional Support,Small Rural,6,4,-2,4,2,0,33.33%,
0290,Las Animas RE-1,Office/Administrative Support,Small Rural,8,6,-2,5,3,1,37.50%,
0290,Las Animas RE-1,Other Support/Special Service Providers,Small Rural,1,1,0,1,0,0,0.00%,
0290,Las Animas RE-1,Paraprofessional,Small Rural,58,60,2,51,7,9,12.07%,
0290,Las Animas RE-1,Principals,Small Rural,4,4,0,4,0,0,0.00%,
0290,Las Animas RE-1,Professional-Other,Small Rural,9,7,-2,7,2,0,22.22%,
0290,Las Animas RE-1,Teachers,Small Rural,37,38,1,35,2,3,5.41%,
0290,Las Animas RE-1 Total,0290 All Job Catagories Totals,Small Rural,137,133,-4,117,20,16,14.60%,
0310,McClave Re-2,Adminstrators,Small Rural,1,1,0,1,0,0,0.00%,
0310,McClave Re-2,Crafts/Trades/Services,Small Rural,6,5,-1,4,2,1,33.33%,
0310,McClave Re-2,Instructional Support,Small Rural,2,2,0,2,0,0,0.00%,
0310,McClave Re-2,Office/Administrative Support,Small Rural,3,3,0,3,0,0,0.00%,
0310,McClave Re-2,Other Support/Special Service Providers,Small Rural,0,0,0,0,0,0,NA,
0310,McClave Re-2,Paraprofessional,Small Rural,13,12,-1,11,2,1,15.38%,
0310,McClave Re-2,Principals,Small Rural,1,1,0,1,0,0,0.00%,
0310,McClave Re-2,Professional-Other,Small Rural,1,1,0,1,0,0,0.00%,
0310,McClave Re-2,Teachers,Small Rural,20,21,1,19,1,2,5.00%,
0310,McClave Re-2 Total,0310 All Job Catagories Totals,Small Rural,47,46,-1,42,5,4,10.64%,
0470,St Vrain Valley RE1J,Adminstrators,Non-Rural,70,70,0,62,8,8,11.43%,
0470,St Vrain Valley RE1J,Crafts/Trades/Services,Non-Rural,544,565,21,433,111,132,20.40%,
0470,St Vrain Valley RE1J,Instructional Support,Non-Rural,212,211,-1,182,30,29,14.15%,
0470,St Vrain Valley RE1J,Office/Administrative Support,Non-Rural,276,279,3,234,42,45,15.22%,
0470,St Vrain Valley RE1J,Other Support/Special Service Providers,Non-Rural,133,134,1,110,23,24,17.29%,
0470,St Vrain Valley RE1J,Paraprofessional,Non-Rural,837,857,20,650,187,207,22.34%,
0470,St Vrain Valley RE1J,Principals,Non-Rural,116,116,0,103,13,13,11.21%,
0470,St Vrain Valley RE1J,Professional-Other,Non-Rural,174,191,17,158,16,33,9.20%,
0470,St Vrain Valley RE1J,Teachers,Non-Rural,1975,1971,-4,1777,198,194,10.03%,
0470,St Vrain Valley RE1J Total,0470 All Job Catagories Totals,Non-Rural,4337,4394,57,3709,628,685,14.48%,
0480,Boulder Valley Re 2,Adminstrators,Non-Rural,71,72,1,63,8,9,11.27%,
0480,Boulder Valley Re 2,Crafts/Trades/Services,Non-Rural,568,571,3,471,97,100,17.08%,
0480,Boulder Valley Re 2,Instructional Support,Non-Rural,348,343,-5,262,86,81,24.71%,
0480,Boulder Valley Re 2,Office/Administrative Support,Non-Rural,259,253,-6,223,36,30,13.90%,
0480,Boulder Valley Re 2,Other Support/Special Service Providers,Non-Rural,153,160,7,141,12,19,7.84%,
0480,Boulder Valley Re 2,Paraprofessional,Non-Rural,892,891,-1,654,238,237,26.68%,
0480,Boulder Valley Re 2,Principals,Non-Rural,107,108,1,93,14,15,13.08%,
0480,Boulder Valley Re 2,Professional-Other,Non-Rural,235,235,0,206,29,29,12.34%,
0480,Boulder Valley Re 2,Teachers,Non-Rural,1721,1665,-56,1495,226,170,13.13%,
0480,Boulder Valley Re 2 Total,0480 All Job Catagories Totals,Non-Rural,4354,4298,-56,3608,746,690,17.13%,
0490,Buena Vista R-31,Adminstrators,Small Rural,3,3,0,1,2,2,66.67%,
0490,Buena Vista R-31,Crafts/Trades/Services,Small Rural,27,27,0,24,3,3,11.11%,
0490,Buena Vista R-31,Instructional Support,Small Rural,8,8,0,5,3,3,37.50%,
0490,Buena Vista R-31,Office/Administrative Support,Small Rural,3,5,2,3,0,2,0.00%,
0490,Buena Vista R-31,Other Support/Special Service Providers,Small Rural,8,6,-2,5,3,1,37.50%,
0490,Buena Vista R-31,Paraprofessional,Small Rural,37,44,7,28,9,16,24.32%,
0490,Buena Vista R-31,Principals,Small Rural,5,4,-1,4,1,0,20.00%,
0490,Buena Vista R-31,Professional-Other,Small Rural,19,16,-3,15,4,1,21.05%,
0490,Buena Vista R-31,Teachers,Small Rural,78,76,-2,61,17,15,21.79%,
0490,Buena Vista R-31 Total,0490 All Job Catagories Totals,Small Rural,188,189,1,146,42,43,22.34%,
0500,Salida R-32,Adminstrators,Rural,7,7,0,7,0,0,0.00%,
0500,Salida R-32,Crafts/Trades/Services,Rural,24,34,10,20,4,14,16.67%,
0500,Salida R-32,Instructional Support,Rural,17,14,-3,11,6,3,35.29%,
0500,Salida R-32,Office/Administrative Support,Rural,13,15,2,10,3,5,23.08%,
0500,Salida R-32,Other Support/Special Service Providers,Rural,13,11,-2,10,3,1,23.08%,
0500,Salida R-32,Paraprofessional,Rural,27,34,7,17,10,17,37.04%,
0500,Salida R-32,Principals,Rural,3,3,0,3,0,0,0.00%,
0500,Salida R-32,Professional-Other,Rural,4,5,1,3,1,2,25.00%,
0500,Salida R-32,Teachers,Rural,93,103,10,79,14,24,15.05%,
0500,Salida R-32 Total,0500 All Job Catagories Totals,Rural,201,226,25,160,41,66,20.40%,
0510,Kit Carson R-1,Adminstrators,Small Rural,1,1,0,1,0,0,0.00%,
0510,Kit Carson R-1,Crafts/Trades/Services,Small Rural,7,8,1,7,0,1,0.00%,
0510,Kit Carson R-1,Instructional Support,Small Rural,2,2,0,2,0,0,0.00%,
0510,Kit Carson R-1,Office/Administrative Support,Small Rural,2,1,-1,1,1,0,50.00%,
0510,Kit Carson R-1,Other Support/Special Service Providers,Small Rural,1,1,0,1,0,0,0.00%,
0510,Kit Carson R-1,Paraprofessional,Small Rural,2,4,2,0,2,4,100.00%,
0510,Kit Carson R-1,Principals,Small Rural,1,1,0,1,0,0,0.00%,
0510,Kit Carson R-1,Professional-Other,Small Rural,0,0,0,0,0,0,NA,
0510,Kit Carson R-1,Teachers,Small Rural,18,17,-1,16,2,1,11.11%,
0510,Kit Carson R-1 Total,0510 All Job Catagories Totals,Small Rural,34,35,1,29,5,6,14.71%,
0520,Cheyenne County Re-5,Adminstrators,Small Rural,1,1,0,1,0,0,0.00%,
0520,Cheyenne County Re-5,Crafts/Trades/Services,Small Rural,8,8,0,8,0,0,0.00%,
0520,Cheyenne County Re-5,Instructional Support,Small Rural,1,1,0,1,0,0,0.00%,
0520,Cheyenne County Re-5,Office/Administrative Support,Small Rural,3,4,1,3,0,1,0.00%,
0520,Cheyenne County Re-5,Other Support/Special Service Providers,Small Rural,1,1,0,0,1,1,100.00%,
0520,Cheyenne County Re-5,Paraprofessional,Small Rural,8,7,-1,6,2,1,25.00%,
0520,Cheyenne County Re-5,Principals,Small Rural,1,0,-1,0,1,0,100.00%,
0520,Cheyenne County Re-5,Professional-Other,Small Rural,0,0,0,0,0,0,NA,
0520,Cheyenne County Re-5,Teachers,Small Rural,16,17,1,14,2,3,12.50%,
0520,Cheyenne County Re-5 Total,0520 All Job Catagories Totals,Small Rural,39,39,0,33,6,6,15.38%,
0540,Clear Creek RE-1,Adminstrators,Small Rural,2,6,4,1,1,5,50.00%,
0540,Clear Creek RE-1,Crafts/Trades/Services,Small Rural,27,26,-1,18,9,8,33.33%,
0540,Clear Creek RE-1,Instructional Support,Small Rural,6,7,1,4,2,3,33.33%,
0540,Clear Creek RE-1,Office/Administrative Support,Small Rural,9,10,1,6,3,4,33.33%,
0540,Clear Creek RE-1,Other Support/Special Service Providers,Small Rural,1,3,2,1,0,2,0.00%,
0540,Clear Creek RE-1,Paraprofessional,Small Rural,22,16,-6,13,9,3,40.91%,
0540,Clear Creek RE-1,Principals,Small Rural,6,6,0,4,2,2,33.33%,
0540,Clear Creek RE-1,Professional-Other,Small Rural,8,6,-2,4,4,2,50.00%,
0540,Clear Creek RE-1,Teachers,Small Rural,56,55,-1,40,16,15,28.57%,
0540,Clear Creek RE-1 Total,0540 All Job Catagories Totals,Small Rural,137,135,-2,91,46,44,33.58%,
0550,North Conejos RE-1J,Adminstrators,Small Rural,1,1,0,1,0,0,0.00%,
0550,North Conejos RE-1J,Crafts/Trades/Services,Small Rural,26,24,-2,24,2,0,7.69%,
0550,North Conejos RE-1J,Instructional Support,Small Rural,3,9,6,2,1,7,33.33%,
0550,North Conejos RE-1J,Office/Administrative Support,Small Rural,7,8,1,7,0,1,0.00%,
0550,North Conejos RE-1J,Other Support/Special Service Providers,Small Rural,1,1,0,1,0,0,0.00%,
0550,North Conejos RE-1J,Paraprofessional,Small Rural,10,10,0,8,2,2,20.00%,
0550,North Conejos RE-1J,Principals,Small Rural,6,6,0,5,1,1,16.67%,
0550,North Conejos RE-1J,Professional-Other,Small Rural,3,2,-1,2,1,0,33.33%,
0550,North Conejos RE-1J,Teachers,Small Rural,74,67,-7,61,13,6,17.57%,
0550,North Conejos RE-1J Total,0550 All Job Catagories Totals,Small Rural,131,128,-3,111,20,17,15.27%,
0560,Sanford 6J,Adminstrators,Small Rural,1,1,0,1,0,0,0.00%,
0560,Sanford 6J,Crafts/Trades/Services,Small Rural,13,12,-1,10,3,2,23.08%,
0560,Sanford 6J,Instructional Support,Small Rural,4,5,1,3,1,2,25.00%,
0560,Sanford 6J,Office/Administrative Support,Small Rural,4,4,0,4,0,0,0.00%,
0560,Sanford 6J,Other Support/Special Service Providers,Small Rural,1,1,0,1,0,0,0.00%,
0560,Sanford 6J,Paraprofessional,Small Rural,14,12,-2,10,4,2,28.57%,
0560,Sanford 6J,Principals,Small Rural,1,2,1,1,0,1,0.00%,
0560,Sanford 6J,Professional-Other,Small Rural,0,0,0,0,0,0,NA,
0560,Sanford 6J,Teachers,Small Rural,27,26,-1,25,2,1,7.41%,
0560,Sanford 6J Total,0560 All Job Catagories Totals,Small Rural,65,63,-2,55,10,8,15.38%,
0580,South Conejos RE-10,Adminstrators,Small Rural,1,3,2,1,0,2,0.00%,
0580,South Conejos RE-10,Crafts/Trades/Services,Small Rural,10,6,-4,4,6,2,60.00%,
0580,South Conejos RE-10,Instructional Support,Small Rural,5,2,-3,1,4,1,80.00%,
0580,South Conejos RE-10,Office/Administrative Support,Small Rural,2,2,0,2,0,0,0.00%,
0580,South Conejos RE-10,Other Support/Special Service Providers,Small Rural,1,1,0,1,0,0,0.00%,
0580,South Conejos RE-10,Paraprofessional,Small Rural,13,11,-2,8,5,3,38.46%,
0580,South Conejos RE-10,Principals,Small Rural,2,2,0,2,0,0,0.00%,
0580,South Conejos RE-10,Professional-Other,Small Rural,2,1,-1,1,1,0,50.00%,
0580,South Conejos RE-10,Teachers,Small Rural,19,19,0,12,7,7,36.84%,
0580,South Conejos RE-10 Total,0580 All Job Catagories Totals,Small Rural,55,47,-8,32,23,15,41.82%,
0640,Centennial R-1,Adminstrators,Small Rural,1,1,0,0,1,1,100.00%,
0640,Centennial R-1,Crafts/Trades/Services,Small Rural,1,6,5,0,1,6,100.00%,
0640,Centennial R-1,Instructional Support,Small Rural,2,1,-1,0,2,1,100.00%,
0640,Centennial R-1,Office/Administrative Support,Small Rural,1,1,0,0,1,1,100.00%,
0640,Centennial R-1,Other Support/Special Service Providers,Small Rural,0,0,0,0,0,0,NA,
0640,Centennial R-1,Paraprofessional,Small Rural,10,16,6,9,1,7,10.00%,
0640,Centennial R-1,Principals,Small Rural,2,2,0,1,1,1,50.00%,
0640,Centennial R-1,Professional-Other,Small Rural,5,4,-1,3,2,1,40.00%,
0640,Centennial R-1,Teachers,Small Rural,12,17,5,9,3,8,25.00%,
0640,Centennial R-1 Total,0640 All Job Catagories Totals,Small Rural,34,48,14,22,12,26,35.29%,
0740,Sierra Grande R-30,Adminstrators,Small Rural,2,1,-1,1,1,0,50.00%,
0740,Sierra Grande R-30,Crafts/Trades/Services,Small Rural,10,7,-3,6,4,1,40.00%,
0740,Sierra Grande R-30,Instructional Support,Small Rural,4,3,-1,1,3,2,75.00%,
0740,Sierra Grande R-30,Office/Administrative Support,Small Rural,4,3,-1,3,1,0,25.00%,
0740,Sierra Grande R-30,Other Support/Special Service Providers,Small Rural,1,1,0,1,0,0,0.00%,
0740,Sierra Grande R-30,Paraprofessional,Small Rural,8,5,-3,2,6,3,75.00%,
0740,Sierra Grande R-30,Principals,Small Rural,2,2,0,2,0,0,0.00%,
0740,Sierra Grande R-30,Professional-Other,Small Rural,3,2,-1,2,1,0,33.33%,
0740,Sierra Grande R-30,Teachers,Small Rural,22,15,-7,10,12,5,54.55%,
0740,Sierra Grande R-30 Total,0740 All Job Catagories Totals,Small Rural,56,39,-17,28,28,11,50.00%,
0770,Crowley County RE-1-J,Adminstrators,Small Rural,2,1,-1,1,1,0,50.00%,
0770,Crowley County RE-1-J,Crafts/Trades/Services,Small Rural,10,9,-1,7,3,2,30.00%,
0770,Crowley County RE-1-J,Instructional Support,Small Rural,3,2,-1,1,2,1,66.67%,
0770,Crowley County RE-1-J,Office/Administrative Support,Small Rural,2,2,0,2,0,0,0.00%,
0770,Crowley County RE-1-J,Other Support/Special Service Providers,Small Rural,1,1,0,1,0,0,0.00%,
0770,Crowley County RE-1-J,Paraprofessional,Small Rural,23,18,-5,16,7,2,30.43%,
0770,Crowley County RE-1-J,Principals,Small Rural,4,4,0,4,0,0,0.00%,
0770,Crowley County RE-1-J,Professional-Other,Small Rural,3,5,2,3,0,2,0.00%,
0770,Crowley County RE-1-J,Teachers,Small Rural,20,22,2,17,3,5,15.00%,
0770,Crowley County RE-1-J Total,0770 All Job Catagories Totals,Small Rural,68,64,-4,52,16,12,23.53%,
0860,Custer County School District C-1,Adminstrators,Small Rural,2,3,1,1,1,2,50.00%,
0860,Custer County School District C-1,Crafts/Trades/Services,Small Rural,9,9,0,7,2,2,22.22%,
0860,Custer County School District C-1,Instructional Support,Small Rural,2,5,3,2,0,3,0.00%,
0860,Custer County School District C-1,Office/Administrative Support,Small Rural,3,3,0,3,0,0,0.00%,
0860,Custer County School District C-1,Other Support/Special Service Providers,Small Rural,1,1,0,1,0,0,0.00%,
0860,Custer County School District C-1,Paraprofessional,Small Rural,17,20,3,10,7,10,41.18%,
0860,Custer County School District C-1,Principals,Small Rural,2,2,0,1,1,1,50.00%,
0860,Custer County School District C-1,Professional-Other,Small Rural,8,7,-1,6,2,1,25.00%,
0860,Custer County School District C-1,Teachers,Small Rural,28,30,2,23,5,7,17.86%,
0860,Custer County School District C-1 Total,0860 All Job Catagories Totals,Small Rural,72,80,8,54,18,26,25.00%,
0870,Delta County 50(J),Adminstrators,Rural,10,9,-1,8,2,1,20.00%,
0870,Delta County 50(J),Crafts/Trades/Services,Rural,128,132,4,109,19,23,14.84%,
0870,Delta County 50(J),Instructional Support,Rural,46,32,-14,30,16,2,34.78%,
0870,Delta County 50(J),Office/Administrative Support,Rural,42,38,-4,30,12,8,28.57%,
0870,Delta County 50(J),Other Support/Special Service Providers,Rural,17,19,2,13,4,6,23.53%,
0870,Delta County 50(J),Paraprofessional,Rural,207,192,-15,154,53,38,25.60%,
0870,Delta County 50(J),Principals,Rural,26,26,0,24,2,2,7.69%,
0870,Delta County 50(J),Professional-Other,Rural,27,34,7,19,8,15,29.63%,
0870,Delta County 50(J),Teachers,Rural,259,269,10,229,30,40,11.58%,
0870,Delta County 50(J) Total,0870 All Job Catagories Totals,Rural,762,751,-11,616,146,135,19.16%,
0880,Denver County 1,Adminstrators,Non-Rural,534,558,24,427,107,131,20.04%,
0880,Denver County 1,Crafts/Trades/Services,Non-Rural,1690,1792,102,1351,339,441,20.06%,
0880,Denver County 1,Instructional Support,Non-Rural,1146,1125,-21,847,299,278,26.09%,
0880,Denver County 1,Office/Administrative Support,Non-Rural,565,581,16,462,103,119,18.23%,
0880,Denver County 1,Other Support/Special Service Providers,Non-Rural,730,781,51,576,154,205,21.10%,
0880,Denver County 1,Paraprofessional,Non-Rural,2735,3048,313,1957,778,1091,28.45%,
0880,Denver County 1,Principals,Non-Rural,513,521,8,420,93,101,18.13%,
0880,Denver County 1,Professional-Other,Non-Rural,1370,1340,-30,1049,321,291,23.43%,
0880,Denver County 1,Teachers,Non-Rural,6268,6324,56,5271,997,1053,15.91%,
0880,Denver County 1 Total,0880 All Job Catagories Totals,Non-Rural,15551,16070,519,12360,3191,3710,20.52%,
0890,Dolores County RE No.2,Adminstrators,Small Rural,1,1,0,1,0,0,0.00%,
0890,Dolores County RE No.2,Crafts/Trades/Services,Small Rural,11,11,0,10,1,1,9.09%,
0890,Dolores County RE No.2,Instructional Support,Small Rural,2,2,0,2,0,0,0.00%,
0890,Dolores County RE No.2,Office/Administrative Support,Small Rural,3,3,0,3,0,0,0.00%,
0890,Dolores County RE No.2,Other Support/Special Service Providers,Small Rural,1,1,0,1,0,0,0.00%,
0890,Dolores County RE No.2,Paraprofessional,Small Rural,15,9,-6,7,8,2,53.33%,
0890,Dolores County RE No.2,Principals,Small Rural,2,2,0,2,0,0,0.00%,
0890,Dolores County RE No.2,Professional-Other,Small Rural,4,4,0,4,0,0,0.00%,
0890,Dolores County RE No.2,Teachers,Small Rural,21,21,0,17,4,4,19.05%,
0890,Dolores County RE No.2 Total,0890 All Job Catagories Totals,Small Rural,60,54,-6,47,13,7,21.67%,
0900,Douglas County Re 1,Adminstrators,Non-Rural,30,29,-1,27,3,2,10.00%,
0900,Douglas County Re 1,Crafts/Trades/Services,Non-Rural,811,904,93,664,147,240,18.13%,
0900,Douglas County Re 1,Instructional Support,Non-Rural,685,836,151,593,92,243,13.43%,
0900,Douglas County Re 1,Office/Administrative Support,Non-Rural,493,501,8,424,69,77,14.00%,
0900,Douglas County Re 1,Other Support/Special Service Providers,Non-Rural,447,456,9,381,66,75,14.77%,
0900,Douglas County Re 1,Paraprofessional,Non-Rural,1735,1835,100,1362,373,473,21.50%,
0900,Douglas County Re 1,Principals,Non-Rural,226,230,4,200,26,30,11.50%,
0900,Douglas County Re 1,Professional-Other,Non-Rural,454,479,25,403,51,76,11.23%,
0900,Douglas County Re 1,Teachers,Non-Rural,3691,3636,-55,3139,552,497,14.96%,
0900,Douglas County Re 1 Total,0900 All Job Catagories Totals,Non-Rural,8572,8906,334,7193,1379,1713,16.09%,
0910,Eagle County RE 50,Adminstrators,Rural,15,18,3,14,1,4,6.67%,
0910,Eagle County RE 50,Crafts/Trades/Services,Rural,124,125,1,102,22,23,17.74%,
0910,Eagle County RE 50,Instructional Support,Rural,47,53,6,39,8,14,17.02%,
0910,Eagle County RE 50,Office/Administrative Support,Rural,69,71,2,58,11,13,15.94%,
0910,Eagle County RE 50,Other Support/Special Service Providers,Rural,33,35,2,25,8,10,24.24%,
0910,Eagle County RE 50,Paraprofessional,Rural,178,177,-1,127,51,50,28.65%,
0910,Eagle County RE 50,Principals,Rural,31,32,1,29,2,3,6.45%,
0910,Eagle County RE 50,Professional-Other,Rural,46,44,-2,34,12,10,26.09%,
0910,Eagle County RE 50,Teachers,Rural,514,517,3,439,75,78,14.59%,
0910,Eagle County RE 50 Total,0910 All Job Catagories Totals,Rural,1057,1072,15,867,190,205,17.98%,
0920,Elizabeth School District,Adminstrators,Rural,12,14,2,6,6,8,50.00%,
0920,Elizabeth School District,Crafts/Trades/Services,Rural,67,72,5,45,22,27,32.84%,
0920,Elizabeth School District,Instructional Support,Rural,19,14,-5,6,13,8,68.42%,
0920,Elizabeth School District,Office/Administrative Support,Rural,23,30,7,20,3,10,13.04%,
0920,Elizabeth School District,Other Support/Special Service Providers,Rural,17,14,-3,6,11,8,64.71%,
0920,Elizabeth School District,Paraprofessional,Rural,103,93,-10,46,57,47,55.34%,
0920,Elizabeth School District,Principals,Rural,8,10,2,5,3,5,37.50%,
0920,Elizabeth School District,Professional-Other,Rural,13,9,-4,6,7,3,53.85%,
0920,Elizabeth School District,Teachers,Rural,153,154,1,104,49,50,32.03%,
0920,Elizabeth School District Total,0920 All Job Catagories Totals,Rural,415,410,-5,244,171,166,41.20%,
0930,Kiowa C-2,Adminstrators,Small Rural,1,2,1,1,0,1,0.00%,
0930,Kiowa C-2,Crafts/Trades/Services,Small Rural,9,4,-5,3,6,1,66.67%,
0930,Kiowa C-2,Instructional Support,Small Rural,1,4,3,0,1,4,100.00%,
0930,Kiowa C-2,Office/Administrative Support,Small Rural,4,3,-1,1,3,2,75.00%,
0930,Kiowa C-2,Other Support/Special Service Providers,Small Rural,1,1,0,1,0,0,0.00%,
0930,Kiowa C-2,Paraprofessional,Small Rural,18,15,-3,8,10,7,55.56%,
0930,Kiowa C-2,Principals,Small Rural,2,1,-1,1,1,0,50.00%,
0930,Kiowa C-2,Professional-Other,Small Rural,0,1,1,0,0,1,NA,
0930,Kiowa C-2,Teachers,Small Rural,20,26,6,11,9,15,45.00%,
0930,Kiowa C-2 Total,0930 All Job Catagories Totals,Small Rural,56,57,1,26,30,31,53.57%,
0940,Big Sandy 100J,Adminstrators,Small Rural,1,1,0,1,0,0,0.00%,
0940,Big Sandy 100J,Crafts/Trades/Services,Small Rural,16,15,-1,15,1,0,6.25%,
0940,Big Sandy 100J,Instructional Support,Small Rural,2,2,0,2,0,0,0.00%,
0940,Big Sandy 100J,Office/Administrative Support,Small Rural,3,3,0,3,0,0,0.00%,
0940,Big Sandy 100J,Other Support/Special Service Providers,Small Rural,4,0,-4,0,4,0,100.00%,
0940,Big Sandy 100J,Paraprofessional,Small Rural,9,12,3,7,2,5,22.22%,
0940,Big Sandy 100J,Principals,Small Rural,2,2,0,2,0,0,0.00%,
0940,Big Sandy 100J,Professional-Other,Small Rural,2,1,-1,1,1,0,50.00%,
0940,Big Sandy 100J,Teachers,Small Rural,30,32,2,27,3,5,10.00%,
0940,Big Sandy 100J Total,0940 All Job Catagories Totals,Small Rural,69,68,-1,58,11,10,15.94%,
0950,Elbert 200,Adminstrators,Small Rural,1,1,0,1,0,0,0.00%,
0950,Elbert 200,Crafts/Trades/Services,Small Rural,10,9,-1,8,2,1,20.00%,
0950,Elbert 200,Instructional Support,Small Rural,0,0,0,0,0,0,NA,
0950,Elbert 200,Office/Administrative Support,Small Rural,5,4,-1,4,1,0,20.00%,
0950,Elbert 200,Other Support/Special Service Providers,Small Rural,3,0,-3,0,3,0,100.00%,
0950,Elbert 200,Paraprofessional,Small Rural,12,10,-2,8,4,2,33.33%,
0950,Elbert 200,Principals,Small Rural,3,3,0,3,0,0,0.00%,
0950,Elbert 200,Professional-Other,Small Rural,1,1,0,1,0,0,0.00%,
0950,Elbert 200,Teachers,Small Rural,22,24,2,20,2,4,9.09%,
0950,Elbert 200 Total,0950 All Job Catagories Totals,Small Rural,57,52,-5,45,12,7,21.05%,
0960,Agate 300,Adminstrators,Small Rural,1,1,0,1,0,0,0.00%,
0960,Agate 300,Crafts/Trades/Services,Small Rural,6,4,-2,4,2,0,33.33%,
0960,Agate 300,Instructional Support,Small Rural,0,0,0,0,0,0,NA,
0960,Agate 300,Office/Administrative Support,Small Rural,0,0,0,0,0,0,NA,
0960,Agate 300,Other Support/Special Service Providers,Small Rural,0,0,0,0,0,0,NA,
0960,Agate 300,Paraprofessional,Small Rural,1,1,0,0,1,1,100.00%,
0960,Agate 300,Principals,Small Rural,1,0,-1,0,1,0,100.00%,
0960,Agate 300,Professional-Other,Small Rural,2,1,-1,1,1,0,50.00%,
0960,Agate 300,Teachers,Small Rural,8,9,1,7,1,2,12.50%,
0960,Agate 300 Total,0960 All Job Catagories Totals,Small Rural,19,16,-3,13,6,3,31.58%,
0970,Calhan RJ-1,Adminstrators,Small Rural,2,1,-1,0,2,1,100.00%,
0970,Calhan RJ-1,Crafts/Trades/Services,Small Rural,16,16,0,14,2,2,12.50%,
0970,Calhan RJ-1,Instructional Support,Small Rural,2,5,3,2,0,3,0.00%,
0970,Calhan RJ-1,Office/Administrative Support,Small Rural,2,3,1,2,0,1,0.00%,
0970,Calhan RJ-1,Other Support/Special Service Providers,Small Rural,2,0,-2,0,2,0,100.00%,
0970,Calhan RJ-1,Paraprofessional,Small Rural,14,17,3,10,4,7,28.57%,
0970,Calhan RJ-1,Principals,Small Rural,3,3,0,2,1,1,33.33%,
0970,Calhan RJ-1,Professional-Other,Small Rural,5,4,-1,4,1,0,20.00%,
0970,Calhan RJ-1,Teachers,Small Rural,39,38,-1,33,6,5,15.38%,
0970,Calhan RJ-1 Total,0970 All Job Catagories Totals,Small Rural,85,87,2,67,18,20,21.18%,
0980,Harrison 2,Adminstrators,Non-Rural,32,40,8,26,6,14,18.75%,
0980,Harrison 2,Crafts/Trades/Services,Non-Rural,249,257,8,191,58,66,23.29%,
0980,Harrison 2,Instructional Support,Non-Rural,131,168,37,93,38,75,29.01%,
0980,Harrison 2,Office/Administrative Support,Non-Rural,117,119,2,91,26,28,22.22%,
0980,Harrison 2,Other Support/Special Service Providers,Non-Rural,67,86,19,40,27,46,40.30%,
0980,Harrison 2,Paraprofessional,Non-Rural,350,410,60,222,128,188,36.57%,
0980,Harrison 2,Principals,Non-Rural,67,75,8,56,11,19,16.42%,
0980,Harrison 2,Professional-Other,Non-Rural,116,138,22,94,22,44,18.97%,
0980,Harrison 2,Teachers,Non-Rural,770,823,53,561,209,262,27.14%,
0980,Harrison 2 Total,0980 All Job Catagories Totals,Non-Rural,1899,2116,217,1374,525,742,27.65%,
0990,Widefield 3,Adminstrators,Non-Rural,16,15,-1,15,1,0,6.25%,
0990,Widefield 3,Crafts/Trades/Services,Non-Rural,227,222,-5,173,54,49,23.79%,
0990,Widefield 3,Instructional Support,Non-Rural,74,77,3,65,9,12,12.16%,
0990,Widefield 3,Office/Administrative Support,Non-Rural,95,105,10,84,11,21,11.58%,
0990,Widefield 3,Other Support/Special Service Providers,Non-Rural,64,65,1,51,13,14,20.31%,
0990,Widefield 3,Paraprofessional,Non-Rural,205,236,31,156,49,80,23.90%,
0990,Widefield 3,Principals,Non-Rural,35,37,2,33,2,4,5.71%,
0990,Widefield 3,Professional-Other,Non-Rural,40,39,-1,37,3,2,7.50%,
0990,Widefield 3,Teachers,Non-Rural,605,592,-13,491,114,101,18.84%,
0990,Widefield 3 Total,0990 All Job Catagories Totals,Non-Rural,1361,1388,27,1105,256,283,18.81%,
1000,Fountain 8,Adminstrators,Non-Rural,24,23,-1,20,4,3,16.67%,
1000,Fountain 8,Crafts/Trades/Services,Non-Rural,130,132,2,96,34,36,26.15%,
1000,Fountain 8,Instructional Support,Non-Rural,68,67,-1,52,16,15,23.53%,
1000,Fountain 8,Office/Administrative Support,Non-Rural,77,75,-2,62,15,13,19.48%,
1000,Fountain 8,Other Support/Special Service Providers,Non-Rural,60,66,6,50,10,16,16.67%,
1000,Fountain 8,Paraprofessional,Non-Rural,202,221,19,143,59,78,29.21%,
1000,Fountain 8,Principals,Non-Rural,35,36,1,32,3,4,8.57%,
1000,Fountain 8,Professional-Other,Non-Rural,23,31,8,19,4,12,17.39%,
1000,Fountain 8,Teachers,Non-Rural,485,488,3,396,89,92,18.35%,
1000,Fountain 8 Total,1000 All Job Catagories Totals,Non-Rural,1104,1139,35,870,234,269,21.20%,
1010,Colorado Springs 11,Adminstrators,Non-Rural,41,52,11,36,5,16,12.20%,
1010,Colorado Springs 11,Crafts/Trades/Services,Non-Rural,578,606,28,462,116,144,20.07%,
1010,Colorado Springs 11,Instructional Support,Non-Rural,377,450,73,286,91,164,24.14%,
1010,Colorado Springs 11,Office/Administrative Support,Non-Rural,278,297,19,226,52,71,18.71%,
1010,Colorado Springs 11,Other Support/Special Service Providers,Non-Rural,102,109,7,82,20,27,19.61%,
1010,Colorado Springs 11,Paraprofessional,Non-Rural,602,635,33,447,155,188,25.75%,
1010,Colorado Springs 11,Principals,Non-Rural,105,118,13,86,19,32,18.10%,
1010,Colorado Springs 11,Professional-Other,Non-Rural,145,156,11,119,26,37,17.93%,
1010,Colorado Springs 11,Teachers,Non-Rural,1492,1568,76,1193,299,375,20.04%,
1010,Colorado Springs 11 Total,1010 All Job Catagories Totals,Non-Rural,3720,3991,271,2937,783,1054,21.05%,
1020,Cheyenne Mountain 12,Adminstrators,Non-Rural,10,10,0,9,1,1,10.00%,
1020,Cheyenne Mountain 12,Crafts/Trades/Services,Non-Rural,73,78,5,60,13,18,17.81%,
1020,Cheyenne Mountain 12,Instructional Support,Non-Rural,19,19,0,17,2,2,10.53%,
1020,Cheyenne Mountain 12,Office/Administrative Support,Non-Rural,28,28,0,23,5,5,17.86%,
1020,Cheyenne Mountain 12,Other Support/Special Service Providers,Non-Rural,25,29,4,21,4,8,16.00%,
1020,Cheyenne Mountain 12,Paraprofessional,Non-Rural,79,85,6,63,16,22,20.25%,
1020,Cheyenne Mountain 12,Principals,Non-Rural,13,13,0,12,1,1,7.69%,
1020,Cheyenne Mountain 12,Professional-Other,Non-Rural,18,16,-2,15,3,1,16.67%,
1020,Cheyenne Mountain 12,Teachers,Non-Rural,255,253,-2,228,27,25,10.59%,
1020,Cheyenne Mountain 12 Total,1020 All Job Catagories Totals,Non-Rural,520,531,11,448,72,83,13.85%,
1030,Manitou Springs 14,Adminstrators,Non-Rural,5,5,0,4,1,1,20.00%,
1030,Manitou Springs 14,Crafts/Trades/Services,Non-Rural,33,29,-4,23,10,6,30.30%,
1030,Manitou Springs 14,Instructional Support,Non-Rural,11,18,7,8,3,10,27.27%,
1030,Manitou Springs 14,Office/Administrative Support,Non-Rural,15,15,0,13,2,2,13.33%,
1030,Manitou Springs 14,Other Support/Special Service Providers,Non-Rural,4,4,0,3,1,1,25.00%,
1030,Manitou Springs 14,Paraprofessional,Non-Rural,28,26,-2,21,7,5,25.00%,
1030,Manitou Springs 14,Principals,Non-Rural,7,7,0,6,1,1,14.29%,
1030,Manitou Springs 14,Professional-Other,Non-Rural,10,8,-2,7,3,1,30.00%,
1030,Manitou Springs 14,Teachers,Non-Rural,100,98,-2,86,14,12,14.00%,
1030,Manitou Springs 14 Total,1030 All Job Catagories Totals,Non-Rural,213,210,-3,171,42,39,19.72%,
1040,Academy 20,Adminstrators,Non-Rural,48,56,8,40,8,16,16.67%,
1040,Academy 20,Crafts/Trades/Services,Non-Rural,386,502,116,309,77,193,19.95%,
1040,Academy 20,Instructional Support,Non-Rural,208,274,66,163,45,111,21.63%,
1040,Academy 20,Office/Administrative Support,Non-Rural,315,295,-20,236,79,59,25.08%,
1040,Academy 20,Other Support/Special Service Providers,Non-Rural,103,114,11,83,20,31,19.42%,
1040,Academy 20,Paraprofessional,Non-Rural,671,712,41,478,193,234,28.76%,
1040,Academy 20,Principals,Non-Rural,107,106,-1,90,17,16,15.89%,
1040,Academy 20,Professional-Other,Non-Rural,135,129,-6,93,42,36,31.11%,
1040,Academy 20,Teachers,Non-Rural,1692,1616,-76,1361,331,255,19.56%,
1040,Academy 20 Total,1040 All Job Catagories Totals,Non-Rural,3665,3804,139,2853,812,951,22.16%,
1050,Ellicott 22,Adminstrators,Small Rural,4,5,1,1,3,4,75.00%,
1050,Ellicott 22,Crafts/Trades/Services,Small Rural,31,38,7,18,13,20,41.94%,
1050,Ellicott 22,Instructional Support,Small Rural,10,10,0,5,5,5,50.00%,
1050,Ellicott 22,Office/Administrative Support,Small Rural,11,10,-1,7,4,3,36.36%,
1050,Ellicott 22,Other Support/Special Service Providers,Small Rural,3,0,-3,0,3,0,100.00%,
1050,Ellicott 22,Paraprofessional,Small Rural,50,50,0,26,24,24,48.00%,
1050,Ellicott 22,Principals,Small Rural,6,6,0,5,1,1,16.67%,
1050,Ellicott 22,Professional-Other,Small Rural,4,5,1,3,1,2,25.00%,
1050,Ellicott 22,Teachers,Small Rural,65,71,6,55,10,16,15.38%,
1050,Ellicott 22 Total,1050 All Job Catagories Totals,Small Rural,184,195,11,120,64,75,34.78%,
1060,Peyton 23 Jt,Adminstrators,Small Rural,1,1,0,1,0,0,0.00%,
1060,Peyton 23 Jt,Crafts/Trades/Services,Small Rural,24,30,6,19,5,11,20.83%,
1060,Peyton 23 Jt,Instructional Support,Small Rural,4,8,4,3,1,5,25.00%,
1060,Peyton 23 Jt,Office/Administrative Support,Small Rural,6,8,2,6,0,2,0.00%,
1060,Peyton 23 Jt,Other Support/Special Service Providers,Small Rural,3,2,-1,0,3,2,100.00%,
1060,Peyton 23 Jt,Paraprofessional,Small Rural,21,21,0,14,7,7,33.33%,
1060,Peyton 23 Jt,Principals,Small Rural,2,3,1,1,1,2,50.00%,
1060,Peyton 23 Jt,Professional-Other,Small Rural,2,1,-1,1,1,0,50.00%,
1060,Peyton 23 Jt,Teachers,Small Rural,44,43,-1,34,10,9,22.73%,
1060,Peyton 23 Jt Total,1060 All Job Catagories Totals,Small Rural,107,117,10,79,28,38,26.17%,
1070,Hanover 28,Adminstrators,Small Rural,3,3,0,1,2,2,66.67%,
1070,Hanover 28,Crafts/Trades/Services,Small Rural,14,14,0,9,5,5,35.71%,
1070,Hanover 28,Instructional Support,Small Rural,0,0,0,0,0,0,NA,
1070,Hanover 28,Office/Administrative Support,Small Rural,2,4,2,2,0,2,0.00%,
1070,Hanover 28,Other Support/Special Service Providers,Small Rural,3,1,-2,1,2,0,66.67%,
1070,Hanover 28,Paraprofessional,Small Rural,16,11,-5,8,8,3,50.00%,
1070,Hanover 28,Principals,Small Rural,2,3,1,2,0,1,0.00%,
1070,Hanover 28,Professional-Other,Small Rural,5,3,-2,3,2,0,40.00%,
1070,Hanover 28,Teachers,Small Rural,23,20,-3,15,8,5,34.78%,
1070,Hanover 28 Total,1070 All Job Catagories Totals,Small Rural,68,59,-9,41,27,18,39.71%,
1080,Lewis-Palmer 38,Adminstrators,Rural,18,24,6,13,5,11,27.78%,
1080,Lewis-Palmer 38,Crafts/Trades/Services,Rural,126,106,-20,90,36,16,28.57%,
1080,Lewis-Palmer 38,Instructional Support,Rural,60,72,12,49,11,23,18.33%,
1080,Lewis-Palmer 38,Office/Administrative Support,Rural,65,66,1,54,11,12,16.92%,
1080,Lewis-Palmer 38,Other Support/Special Service Providers,Rural,36,37,1,30,6,7,16.67%,
1080,Lewis-Palmer 38,Paraprofessional,Rural,170,153,-17,119,51,34,30.00%,
1080,Lewis-Palmer 38,Principals,Rural,22,23,1,16,6,7,27.27%,
1080,Lewis-Palmer 38,Professional-Other,Rural,32,30,-2,25,7,5,21.88%,
1080,Lewis-Palmer 38,Teachers,Rural,394,382,-12,298,96,84,24.37%,
1080,Lewis-Palmer 38 Total,1080 All Job Catagories Totals,Rural,923,893,-30,694,229,199,24.81%,
1110,District 49,Adminstrators,Non-Rural,65,72,7,61,4,11,6.15%,
1110,District 49,Crafts/Trades/Services,Non-Rural,326,355,29,251,75,104,23.01%,
1110,District 49,Instructional Support,Non-Rural,190,235,45,152,38,83,20.00%,
1110,District 49,Office/Administrative Support,Non-Rural,202,202,0,144,58,58,28.71%,
1110,District 49,Other Support/Special Service Providers,Non-Rural,95,129,34,79,16,50,16.84%,
1110,District 49,Paraprofessional,Non-Rural,766,782,16,494,272,288,35.51%,
1110,District 49,Principals,Non-Rural,90,98,8,77,13,21,14.44%,
1110,District 49,Professional-Other,Non-Rural,129,140,11,105,24,35,18.60%,
1110,District 49,Teachers,Non-Rural,1333,1365,32,1059,274,306,20.56%,
1110,District 49 Total,1110 All Job Catagories Totals,Non-Rural,3196,3378,182,2422,774,956,24.22%,
1120,Edison 54 JT,Adminstrators,Small Rural,1,1,0,1,0,0,0.00%,
1120,Edison 54 JT,Crafts/Trades/Services,Small Rural,5,6,1,3,2,3,40.00%,
1120,Edison 54 JT,Instructional Support,Small Rural,0,0,0,0,0,0,NA,
1120,Edison 54 JT,Office/Administrative Support,Small Rural,4,4,0,4,0,0,0.00%,
1120,Edison 54 JT,Other Support/Special Service Providers,Small Rural,1,0,-1,0,1,0,100.00%,
1120,Edison 54 JT,Paraprofessional,Small Rural,2,1,-1,1,1,0,50.00%,
1120,Edison 54 JT,Principals,Small Rural,0,0,0,0,0,0,NA,
1120,Edison 54 JT,Professional-Other,Small Rural,0,0,0,0,0,0,NA,
1120,Edison 54 JT,Teachers,Small Rural,11,9,-2,3,8,6,72.73%,
1120,Edison 54 JT Total,1120 All Job Catagories Totals,Small Rural,24,21,-3,12,12,9,50.00%,
1130,Miami/Yoder 60 JT,Adminstrators,Small Rural,1,1,0,1,0,0,0.00%,
1130,Miami/Yoder 60 JT,Crafts/Trades/Services,Small Rural,17,16,-1,13,4,3,23.53%,
1130,Miami/Yoder 60 JT,Instructional Support,Small Rural,2,2,0,2,0,0,0.00%,
1130,Miami/Yoder 60 JT,Office/Administrative Support,Small Rural,4,4,0,3,1,1,25.00%,
1130,Miami/Yoder 60 JT,Other Support/Special Service Providers,Small Rural,1,0,-1,0,1,0,100.00%,
1130,Miami/Yoder 60 JT,Paraprofessional,Small Rural,18,24,6,15,3,9,16.67%,
1130,Miami/Yoder 60 JT,Principals,Small Rural,2,2,0,1,1,1,50.00%,
1130,Miami/Yoder 60 JT,Professional-Other,Small Rural,3,3,0,3,0,0,0.00%,
1130,Miami/Yoder 60 JT,Teachers,Small Rural,25,22,-3,20,5,2,20.00%,
1130,Miami/Yoder 60 JT Total,1130 All Job Catagories Totals,Small Rural,73,74,1,58,15,16,20.55%,
1140,Canon City RE-1,Adminstrators,Rural,9,12,3,8,1,4,11.11%,
1140,Canon City RE-1,Crafts/Trades/Services,Rural,77,85,8,66,11,19,14.29%,
1140,Canon City RE-1,Instructional Support,Rural,24,29,5,18,6,11,25.00%,
1140,Canon City RE-1,Office/Administrative Support,Rural,34,34,0,27,7,7,20.59%,
1140,Canon City RE-1,Other Support/Special Service Providers,Rural,15,12,-3,11,4,1,26.67%,
1140,Canon City RE-1,Paraprofessional,Rural,111,110,-1,83,28,27,25.23%,
1140,Canon City RE-1,Principals,Rural,15,15,0,14,1,1,6.67%,
1140,Canon City RE-1,Professional-Other,Rural,19,20,1,17,2,3,10.53%,
1140,Canon City RE-1,Teachers,Rural,228,219,-9,181,47,38,20.61%,
1140,Canon City RE-1 Total,1140 All Job Catagories Totals,Rural,532,536,4,425,107,111,20.11%,
1150,Fremont RE-2,Adminstrators,Rural,6,6,0,5,1,1,16.67%,
1150,Fremont RE-2,Crafts/Trades/Services,Rural,46,49,3,38,8,11,17.39%,
1150,Fremont RE-2,Instructional Support,Rural,9,7,-2,5,4,2,44.44%,
1150,Fremont RE-2,Office/Administrative Support,Rural,9,9,0,8,1,1,11.11%,
1150,Fremont RE-2,Other Support/Special Service Providers,Rural,8,4,-4,4,4,0,50.00%,
1150,Fremont RE-2,Paraprofessional,Rural,50,59,9,37,13,22,26.00%,
1150,Fremont RE-2,Principals,Rural,5,4,-1,3,2,1,40.00%,
1150,Fremont RE-2,Professional-Other,Rural,8,7,-1,6,2,1,25.00%,
1150,Fremont RE-2,Teachers,Rural,87,88,1,67,20,21,22.99%,
1150,Fremont RE-2 Total,1150 All Job Catagories Totals,Rural,228,233,5,173,55,60,24.12%,
1160,Cotopaxi RE-3,Adminstrators,Small Rural,1,1,0,0,1,1,100.00%,
1160,Cotopaxi RE-3,Crafts/Trades/Services,Small Rural,7,9,2,4,3,5,42.86%,
1160,Cotopaxi RE-3,Instructional Support,Small Rural,2,2,0,2,0,0,0.00%,
1160,Cotopaxi RE-3,Office/Administrative Support,Small Rural,2,2,0,2,0,0,0.00%,
1160,Cotopaxi RE-3,Other Support/Special Service Providers,Small Rural,0,1,1,0,0,1,NA,
1160,Cotopaxi RE-3,Paraprofessional,Small Rural,10,13,3,8,2,5,20.00%,
1160,Cotopaxi RE-3,Principals,Small Rural,1,1,0,0,1,1,100.00%,
1160,Cotopaxi RE-3,Professional-Other,Small Rural,0,1,1,0,0,1,NA,
1160,Cotopaxi RE-3,Teachers,Small Rural,19,17,-2,10,9,7,47.37%,
1160,Cotopaxi RE-3 Total,1160 All Job Catagories Totals,Small Rural,42,47,5,26,16,21,38.10%,
1180,Roaring Fork RE-1,Adminstrators,Rural,6,8,2,5,1,3,16.67%,
1180,Roaring Fork RE-1,Crafts/Trades/Services,Rural,99,100,1,76,23,24,23.23%,
1180,Roaring Fork RE-1,Instructional Support,Rural,45,55,10,37,8,18,17.78%,
1180,Roaring Fork RE-1,Office/Administrative Support,Rural,50,54,4,43,7,11,14.00%,
1180,Roaring Fork RE-1,Other Support/Special Service Providers,Rural,13,20,7,11,2,9,15.38%,
1180,Roaring Fork RE-1,Paraprofessional,Rural,108,120,12,74,34,46,31.48%,
1180,Roaring Fork RE-1,Principals,Rural,26,26,0,20,6,6,23.08%,
1180,Roaring Fork RE-1,Professional-Other,Rural,36,41,5,33,3,8,8.33%,
1180,Roaring Fork RE-1,Teachers,Rural,413,422,9,342,71,80,17.19%,
1180,Roaring Fork RE-1 Total,1180 All Job Catagories Totals,Rural,796,846,50,641,155,205,19.47%,
1195,Garfield Re-2,Adminstrators,Rural,20,17,-3,14,6,3,30.00%,
1195,Garfield Re-2,Crafts/Trades/Services,Rural,108,108,0,93,15,15,13.89%,
1195,Garfield Re-2,Instructional Support,Rural,31,39,8,21,10,18,32.26%,
1195,Garfield Re-2,Office/Administrative Support,Rural,44,46,2,37,7,9,15.91%,
1195,Garfield Re-2,Other Support/Special Service Providers,Rural,11,19,8,8,3,11,27.27%,
1195,Garfield Re-2,Paraprofessional,Rural,193,164,-29,123,70,41,36.27%,
1195,Garfield Re-2,Principals,Rural,19,19,0,17,2,2,10.53%,
1195,Garfield Re-2,Professional-Other,Rural,19,7,-12,5,14,2,73.68%,
1195,Garfield Re-2,Teachers,Rural,297,274,-23,242,55,32,18.52%,
1195,Garfield Re-2 Total,1195 All Job Catagories Totals,Rural,742,693,-49,560,182,133,24.53%,
1220,Garfield 16,Adminstrators,Rural,1,2,1,1,0,1,0.00%,
1220,Garfield 16,Crafts/Trades/Services,Rural,36,36,0,26,10,10,27.78%,
1220,Garfield 16,Instructional Support,Rural,9,8,-1,5,4,3,44.44%,
1220,Garfield 16,Office/Administrative Support,Rural,15,16,1,14,1,2,6.67%,
1220,Garfield 16,Other Support/Special Service Providers,Rural,3,2,-1,2,1,0,33.33%,
1220,Garfield 16,Paraprofessional,Rural,37,44,7,23,14,21,37.84%,
1220,Garfield 16,Principals,Rural,8,8,0,6,2,2,25.00%,
1220,Garfield 16,Professional-Other,Rural,6,7,1,5,1,2,16.67%,
1220,Garfield 16,Teachers,Rural,79,81,2,58,21,23,26.58%,
1220,Garfield 16 Total,1220 All Job Catagories Totals,Rural,194,204,10,140,54,64,27.84%,
1330,Gilpin County RE-1,Adminstrators,Small Rural,2,1,-1,1,1,0,50.00%,
1330,Gilpin County RE-1,Crafts/Trades/Services,Small Rural,10,8,-2,5,5,3,50.00%,
1330,Gilpin County RE-1,Instructional Support,Small Rural,2,2,0,2,0,0,0.00%,
1330,Gilpin County RE-1,Office/Administrative Support,Small Rural,2,1,-1,1,1,0,50.00%,
1330,Gilpin County RE-1,Other Support/Special Service Providers,Small Rural,0,0,0,0,0,0,NA,
1330,Gilpin County RE-1,Paraprofessional,Small Rural,10,10,0,6,4,4,40.00%,
1330,Gilpin County RE-1,Principals,Small Rural,2,2,0,1,1,1,50.00%,
1330,Gilpin County RE-1,Professional-Other,Small Rural,1,2,1,1,0,1,0.00%,
1330,Gilpin County RE-1,Teachers,Small Rural,31,29,-2,28,3,1,9.68%,
1330,Gilpin County RE-1 Total,1330 All Job Catagories Totals,Small Rural,60,55,-5,45,15,10,25.00%,
1340,West Grand 1-JT,Adminstrators,Small Rural,1,1,0,1,0,0,0.00%,
1340,West Grand 1-JT,Crafts/Trades/Services,Small Rural,9,10,1,9,0,1,0.00%,
1340,West Grand 1-JT,Instructional Support,Small Rural,4,3,-1,2,2,1,50.00%,
1340,West Grand 1-JT,Office/Administrative Support,Small Rural,2,3,1,2,0,1,0.00%,
1340,West Grand 1-JT,Other Support/Special Service Providers,Small Rural,1,1,0,1,0,0,0.00%,
1340,West Grand 1-JT,Paraprofessional,Small Rural,14,13,-1,8,6,5,42.86%,
1340,West Grand 1-JT,Principals,Small Rural,2,3,1,1,1,2,50.00%,
1340,West Grand 1-JT,Professional-Other,Small Rural,9,10,1,7,2,3,22.22%,
1340,West Grand 1-JT,Teachers,Small Rural,32,32,0,22,10,10,31.25%,
1340,West Grand 1-JT Total,1340 All Job Catagories Totals,Small Rural,74,76,2,53,21,23,28.38%,
1350,East Grand 2,Adminstrators,Rural,2,2,0,2,0,0,0.00%,
1350,East Grand 2,Crafts/Trades/Services,Rural,27,39,12,23,4,16,14.81%,
1350,East Grand 2,Instructional Support,Rural,16,14,-2,8,8,6,50.00%,
1350,East Grand 2,Office/Administrative Support,Rural,14,15,1,11,3,4,21.43%,
1350,East Grand 2,Other Support/Special Service Providers,Rural,3,4,1,2,1,2,33.33%,
1350,East Grand 2,Paraprofessional,Rural,37,36,-1,23,14,13,37.84%,
1350,East Grand 2,Principals,Rural,6,5,-1,5,1,0,16.67%,
1350,East Grand 2,Professional-Other,Rural,6,8,2,3,3,5,50.00%,
1350,East Grand 2,Teachers,Rural,108,106,-2,90,18,16,16.67%,
1350,East Grand 2 Total,1350 All Job Catagories Totals,Rural,219,229,10,167,52,62,23.74%,
1360,Gunnison Watershed RE1J,Adminstrators,Rural,10,11,1,8,2,3,20.00%,
1360,Gunnison Watershed RE1J,Crafts/Trades/Services,Rural,35,36,1,28,7,8,20.00%,
1360,Gunnison Watershed RE1J,Instructional Support,Rural,27,30,3,20,7,10,25.93%,
1360,Gunnison Watershed RE1J,Office/Administrative Support,Rural,16,15,-1,14,2,1,12.50%,
1360,Gunnison Watershed RE1J,Other Support/Special Service Providers,Rural,7,7,0,4,3,3,42.86%,
1360,Gunnison Watershed RE1J,Paraprofessional,Rural,57,50,-7,39,18,11,31.58%,
1360,Gunnison Watershed RE1J,Principals,Rural,10,10,0,8,2,2,20.00%,
1360,Gunnison Watershed RE1J,Professional-Other,Rural,11,11,0,11,0,0,0.00%,
1360,Gunnison Watershed RE1J,Teachers,Rural,154,149,-5,118,36,31,23.38%,
1360,Gunnison Watershed RE1J Total,1360 All Job Catagories Totals,Rural,327,319,-8,250,77,69,23.55%,
1380,Hinsdale County RE 1,Adminstrators,Small Rural,3,2,-1,2,1,0,33.33%,
1380,Hinsdale County RE 1,Crafts/Trades/Services,Small Rural,3,3,0,3,0,0,0.00%,
1380,Hinsdale County RE 1,Instructional Support,Small Rural,2,2,0,2,0,0,0.00%,
1380,Hinsdale County RE 1,Office/Administrative Support,Small Rural,1,1,0,1,0,0,0.00%,
1380,Hinsdale County RE 1,Other Support/Special Service Providers,Small Rural,1,2,1,0,1,2,100.00%,
1380,Hinsdale County RE 1,Paraprofessional,Small Rural,2,3,1,2,0,1,0.00%,
1380,Hinsdale County RE 1,Principals,Small Rural,0,0,0,0,0,0,NA,
1380,Hinsdale County RE 1,Professional-Other,Small Rural,3,3,0,3,0,0,0.00%,
1380,Hinsdale County RE 1,Teachers,Small Rural,14,12,-2,11,3,1,21.43%,
1380,Hinsdale County RE 1 Total,1380 All Job Catagories Totals,Small Rural,29,28,-1,24,5,4,17.24%,
1390,Huerfano Re-1,Adminstrators,Small Rural,1,1,0,1,0,0,0.00%,
1390,Huerfano Re-1,Crafts/Trades/Services,Small Rural,8,14,6,4,4,10,50.00%,
1390,Huerfano Re-1,Instructional Support,Small Rural,1,7,6,0,1,7,100.00%,
1390,Huerfano Re-1,Office/Administrative Support,Small Rural,5,7,2,4,1,3,20.00%,
1390,Huerfano Re-1,Other Support/Special Service Providers,Small Rural,0,1,1,0,0,1,NA,
1390,Huerfano Re-1,Paraprofessional,Small Rural,14,17,3,5,9,12,64.29%,
1390,Huerfano Re-1,Principals,Small Rural,1,4,3,1,0,3,0.00%,
1390,Huerfano Re-1,Professional-Other,Small Rural,1,3,2,1,0,2,0.00%,
1390,Huerfano Re-1,Teachers,Small Rural,16,32,16,9,7,23,43.75%,
1390,Huerfano Re-1 Total,1390 All Job Catagories Totals,Small Rural,47,86,39,25,22,61,46.81%,
1400,La Veta Re-2,Adminstrators,Small Rural,2,1,-1,1,1,0,50.00%,
1400,La Veta Re-2,Crafts/Trades/Services,Small Rural,3,3,0,3,0,0,0.00%,
1400,La Veta Re-2,Instructional Support,Small Rural,3,12,9,2,1,10,33.33%,
1400,La Veta Re-2,Office/Administrative Support,Small Rural,1,1,0,1,0,0,0.00%,
1400,La Veta Re-2,Other Support/Special Service Providers,Small Rural,1,1,0,1,0,0,0.00%,
1400,La Veta Re-2,Paraprofessional,Small Rural,7,6,-1,5,2,1,28.57%,
1400,La Veta Re-2,Principals,Small Rural,0,0,0,0,0,0,NA,
1400,La Veta Re-2,Professional-Other,Small Rural,5,5,0,4,1,1,20.00%,
1400,La Veta Re-2,Teachers,Small Rural,28,19,-9,18,10,1,35.71%,
1400,La Veta Re-2 Total,1400 All Job Catagories Totals,Small Rural,50,48,-2,35,15,13,30.00%,
1410,North Park R-1,Adminstrators,Small Rural,1,1,0,1,0,0,0.00%,
1410,North Park R-1,Crafts/Trades/Services,Small Rural,4,4,0,1,3,3,75.00%,
1410,North Park R-1,Instructional Support,Small Rural,5,5,0,4,1,1,20.00%,
1410,North Park R-1,Office/Administrative Support,Small Rural,2,2,0,2,0,0,0.00%,
1410,North Park R-1,Other Support/Special Service Providers,Small Rural,0,0,0,0,0,0,NA,
1410,North Park R-1,Paraprofessional,Small Rural,10,10,0,8,2,2,20.00%,
1410,North Park R-1,Principals,Small Rural,1,1,0,1,0,0,0.00%,
1410,North Park R-1,Professional-Other,Small Rural,4,5,1,4,0,1,0.00%,
1410,North Park R-1,Teachers,Small Rural,15,14,-1,12,3,2,20.00%,
1410,North Park R-1 Total,1410 All Job Catagories Totals,Small Rural,42,42,0,33,9,9,21.43%,
1420,Jefferson County R-1,Adminstrators,Non-Rural,86,89,3,74,12,15,13.95%,
1420,Jefferson County R-1,Crafts/Trades/Services,Non-Rural,1470,1478,8,1171,299,307,20.34%,
1420,Jefferson County R-1,Instructional Support,Non-Rural,714,752,38,571,143,181,20.03%,
1420,Jefferson County R-1,Office/Administrative Support,Non-Rural,601,601,0,506,95,95,15.81%,
1420,Jefferson County R-1,Other Support/Special Service Providers,Non-Rural,513,526,13,427,86,99,16.76%,
1420,Jefferson County R-1,Paraprofessional,Non-Rural,2244,2282,38,1624,620,658,27.63%,
1420,Jefferson County R-1,Principals,Non-Rural,339,347,8,296,43,51,12.68%,
1420,Jefferson County R-1,Professional-Other,Non-Rural,487,511,24,431,56,80,11.50%,
1420,Jefferson County R-1,Teachers,Non-Rural,4573,4514,-59,3871,702,643,15.35%,
1420,Jefferson County R-1 Total,1420 All Job Catagories Totals,Non-Rural,11027,11100,73,8971,2056,2129,18.65%,
1430,Eads RE-1,Adminstrators,Small Rural,1,1,0,1,0,0,0.00%,
1430,Eads RE-1,Crafts/Trades/Services,Small Rural,4,3,-1,3,1,0,25.00%,
1430,Eads RE-1,Instructional Support,Small Rural,2,2,0,2,0,0,0.00%,
1430,Eads RE-1,Office/Administrative Support,Small Rural,2,2,0,2,0,0,0.00%,
1430,Eads RE-1,Other Support/Special Service Providers,Small Rural,0,0,0,0,0,0,NA,
1430,Eads RE-1,Paraprofessional,Small Rural,15,12,-3,10,5,2,33.33%,
1430,Eads RE-1,Principals,Small Rural,2,1,-1,1,1,0,50.00%,
1430,Eads RE-1,Professional-Other,Small Rural,1,1,0,1,0,0,0.00%,
1430,Eads RE-1,Teachers,Small Rural,20,21,1,20,0,1,0.00%,
1430,Eads RE-1 Total,1430 All Job Catagories Totals,Small Rural,47,43,-4,40,7,3,14.89%,
1440,Plainview RE-2,Adminstrators,Small Rural,1,1,0,1,0,0,0.00%,
1440,Plainview RE-2,Crafts/Trades/Services,Small Rural,3,3,0,2,1,1,33.33%,
1440,Plainview RE-2,Instructional Support,Small Rural,0,0,0,0,0,0,NA,
1440,Plainview RE-2,Office/Administrative Support,Small Rural,1,1,0,1,0,0,0.00%,
1440,Plainview RE-2,Other Support/Special Service Providers,Small Rural,0,0,0,0,0,0,NA,
1440,Plainview RE-2,Paraprofessional,Small Rural,3,3,0,2,1,1,33.33%,
1440,Plainview RE-2,Principals,Small Rural,1,1,0,1,0,0,0.00%,
1440,Plainview RE-2,Professional-Other,Small Rural,2,2,0,1,1,1,50.00%,
1440,Plainview RE-2,Teachers,Small Rural,9,9,0,7,2,2,22.22%,
1440,Plainview RE-2 Total,1440 All Job Catagories Totals,Small Rural,20,20,0,15,5,5,25.00%,
1450,Arriba-Flagler C-20,Adminstrators,Small Rural,2,1,-1,1,1,0,50.00%,
1450,Arriba-Flagler C-20,Crafts/Trades/Services,Small Rural,8,10,2,7,1,3,12.50%,
1450,Arriba-Flagler C-20,Instructional Support,Small Rural,0,1,1,0,0,1,NA,
1450,Arriba-Flagler C-20,Office/Administrative Support,Small Rural,2,2,0,1,1,1,50.00%,
1450,Arriba-Flagler C-20,Other Support/Special Service Providers,Small Rural,1,1,0,1,0,0,0.00%,
1450,Arriba-Flagler C-20,Paraprofessional,Small Rural,12,13,1,11,1,2,8.33%,
1450,Arriba-Flagler C-20,Principals,Small Rural,1,1,0,0,1,1,100.00%,
1450,Arriba-Flagler C-20,Professional-Other,Small Rural,1,1,0,1,0,0,0.00%,
1450,Arriba-Flagler C-20,Teachers,Small Rural,18,17,-1,16,2,1,11.11%,
1450,Arriba-Flagler C-20 Total,1450 All Job Catagories Totals,Small Rural,45,47,2,38,7,9,15.56%,
1460,Hi-Plains R-23,Adminstrators,Small Rural,3,3,0,0,3,3,100.00%,
1460,Hi-Plains R-23,Crafts/Trades/Services,Small Rural,6,6,0,4,2,2,33.33%,
1460,Hi-Plains R-23,Instructional Support,Small Rural,1,1,0,1,0,0,0.00%,
1460,Hi-Plains R-23,Office/Administrative Support,Small Rural,0,0,0,0,0,0,NA,
1460,Hi-Plains R-23,Other Support/Special Service Providers,Small Rural,0,1,1,0,0,1,NA,
1460,Hi-Plains R-23,Paraprofessional,Small Rural,3,5,2,2,1,3,33.33%,
1460,Hi-Plains R-23,Principals,Small Rural,0,0,0,0,0,0,NA,
1460,Hi-Plains R-23,Professional-Other,Small Rural,0,0,0,0,0,0,NA,
1460,Hi-Plains R-23,Teachers,Small Rural,14,16,2,9,5,7,35.71%,
1460,Hi-Plains R-23 Total,1460 All Job Catagories Totals,Small Rural,27,32,5,16,11,16,40.74%,
1480,Stratton R-4,Adminstrators,Small Rural,1,1,0,1,0,0,0.00%,
1480,Stratton R-4,Crafts/Trades/Services,Small Rural,5,5,0,5,0,0,0.00%,
1480,Stratton R-4,Instructional Support,Small Rural,2,2,0,2,0,0,0.00%,
1480,Stratton R-4,Office/Administrative Support,Small Rural,3,3,0,3,0,0,0.00%,
1480,Stratton R-4,Other Support/Special Service Providers,Small Rural,1,1,0,1,0,0,0.00%,
1480,Stratton R-4,Paraprofessional,Small Rural,8,8,0,6,2,2,25.00%,
1480,Stratton R-4,Principals,Small Rural,2,2,0,2,0,0,0.00%,
1480,Stratton R-4,Professional-Other,Small Rural,2,1,-1,1,1,0,50.00%,
1480,Stratton R-4,Teachers,Small Rural,15,18,3,12,3,6,20.00%,
1480,Stratton R-4 Total,1480 All Job Catagories Totals,Small Rural,39,41,2,33,6,8,15.38%,
1490,Bethune R-5,Adminstrators,Small Rural,1,1,0,0,1,1,100.00%,
1490,Bethune R-5,Crafts/Trades/Services,Small Rural,6,6,0,6,0,0,0.00%,
1490,Bethune R-5,Instructional Support,Small Rural,3,2,-1,1,2,1,66.67%,
1490,Bethune R-5,Office/Administrative Support,Small Rural,2,2,0,2,0,0,0.00%,
1490,Bethune R-5,Other Support/Special Service Providers,Small Rural,1,0,-1,0,1,0,100.00%,
1490,Bethune R-5,Paraprofessional,Small Rural,9,9,0,7,2,2,22.22%,
1490,Bethune R-5,Principals,Small Rural,0,0,0,0,0,0,NA,
1490,Bethune R-5,Professional-Other,Small Rural,0,0,0,0,0,0,NA,
1490,Bethune R-5,Teachers,Small Rural,15,14,-1,11,4,3,26.67%,
1490,Bethune R-5 Total,1490 All Job Catagories Totals,Small Rural,37,34,-3,27,10,7,27.03%,
1500,Burlington RE-6J,Adminstrators,Small Rural,1,1,0,1,0,0,0.00%,
1500,Burlington RE-6J,Crafts/Trades/Services,Small Rural,17,16,-1,14,3,2,17.65%,
1500,Burlington RE-6J,Instructional Support,Small Rural,4,5,1,3,1,2,25.00%,
1500,Burlington RE-6J,Office/Administrative Support,Small Rural,7,6,-1,4,3,2,42.86%,
1500,Burlington RE-6J,Other Support/Special Service Providers,Small Rural,1,1,0,1,0,0,0.00%,
1500,Burlington RE-6J,Paraprofessional,Small Rural,23,21,-2,18,5,3,21.74%,
1500,Burlington RE-6J,Principals,Small Rural,3,2,-1,2,1,0,33.33%,
1500,Burlington RE-6J,Professional-Other,Small Rural,2,2,0,2,0,0,0.00%,
1500,Burlington RE-6J,Teachers,Small Rural,47,47,0,38,9,9,19.15%,
1500,Burlington RE-6J Total,1500 All Job Catagories Totals,Small Rural,105,101,-4,83,22,18,20.95%,
1510,Lake County R-1,Adminstrators,Small Rural,2,2,0,0,2,2,100.00%,
1510,Lake County R-1,Crafts/Trades/Services,Small Rural,33,24,-9,22,11,2,33.33%,
1510,Lake County R-1,Instructional Support,Small Rural,8,7,-1,5,3,2,37.50%,
1510,Lake County R-1,Office/Administrative Support,Small Rural,8,9,1,8,0,1,0.00%,
1510,Lake County R-1,Other Support/Special Service Providers,Small Rural,5,7,2,4,1,3,20.00%,
1510,Lake County R-1,Paraprofessional,Small Rural,44,44,0,27,17,17,38.64%,
1510,Lake County R-1,Principals,Small Rural,9,7,-2,6,3,1,33.33%,
1510,Lake County R-1,Professional-Other,Small Rural,17,12,-5,10,7,2,41.18%,
1510,Lake County R-1,Teachers,Small Rural,68,61,-7,51,17,10,25.00%,
1510,Lake County R-1 Total,1510 All Job Catagories Totals,Small Rural,194,173,-21,133,61,40,31.44%,
1520,Durango 9-R,Adminstrators,Rural,23,20,-3,17,6,3,26.09%,
1520,Durango 9-R,Crafts/Trades/Services,Rural,111,123,12,85,26,38,23.42%,
1520,Durango 9-R,Instructional Support,Rural,94,75,-19,51,43,24,45.74%,
1520,Durango 9-R,Office/Administrative Support,Rural,60,57,-3,47,13,10,21.67%,
1520,Durango 9-R,Other Support/Special Service Providers,Rural,29,29,0,25,4,4,13.79%,
1520,Durango 9-R,Paraprofessional,Rural,128,146,18,92,36,54,28.13%,
1520,Durango 9-R,Principals,Rural,29,27,-2,24,5,3,17.24%,
1520,Durango 9-R,Professional-Other,Rural,21,18,-3,16,5,2,23.81%,
1520,Durango 9-R,Teachers,Rural,416,360,-56,309,107,51,25.72%,
1520,Durango 9-R Total,1520 All Job Catagories Totals,Rural,911,855,-56,666,245,189,26.89%,
1530,Bayfield 10 Jt-R,Adminstrators,Rural,4,4,0,4,0,0,0.00%,
1530,Bayfield 10 Jt-R,Crafts/Trades/Services,Rural,29,34,5,24,5,10,17.24%,
1530,Bayfield 10 Jt-R,Instructional Support,Rural,11,11,0,9,2,2,18.18%,
1530,Bayfield 10 Jt-R,Office/Administrative Support,Rural,4,9,5,4,0,5,0.00%,
1530,Bayfield 10 Jt-R,Other Support/Special Service Providers,Rural,1,1,0,1,0,0,0.00%,
1530,Bayfield 10 Jt-R,Paraprofessional,Rural,27,28,1,19,8,9,29.63%,
1530,Bayfield 10 Jt-R,Principals,Rural,7,7,0,5,2,2,28.57%,
1530,Bayfield 10 Jt-R,Professional-Other,Rural,8,8,0,5,3,3,37.50%,
1530,Bayfield 10 Jt-R,Teachers,Rural,101,99,-2,80,21,19,20.79%,
1530,Bayfield 10 Jt-R Total,1530 All Job Catagories Totals,Rural,192,201,9,151,41,50,21.35%,
1540,Ignacio 11 JT,Adminstrators,Small Rural,4,5,1,3,1,2,25.00%,
1540,Ignacio 11 JT,Crafts/Trades/Services,Small Rural,29,26,-3,22,7,4,24.14%,
1540,Ignacio 11 JT,Instructional Support,Small Rural,7,8,1,7,0,1,0.00%,
1540,Ignacio 11 JT,Office/Administrative Support,Small Rural,10,10,0,9,1,1,10.00%,
1540,Ignacio 11 JT,Other Support/Special Service Providers,Small Rural,1,1,0,1,0,0,0.00%,
1540,Ignacio 11 JT,Paraprofessional,Small Rural,19,19,0,10,9,9,47.37%,
1540,Ignacio 11 JT,Principals,Small Rural,6,6,0,5,1,1,16.67%,
1540,Ignacio 11 JT,Professional-Other,Small Rural,6,7,1,5,1,2,16.67%,
1540,Ignacio 11 JT,Teachers,Small Rural,62,62,0,48,14,14,22.58%,
1540,Ignacio 11 JT Total,1540 All Job Catagories Totals,Small Rural,144,144,0,110,34,34,23.61%,
1550,Poudre R-1,Adminstrators,Non-Rural,37,35,-2,30,7,5,18.92%,
1550,Poudre R-1,Crafts/Trades/Services,Non-Rural,607,597,-10,482,125,115,20.59%,
1550,Poudre R-1,Instructional Support,Non-Rural,311,313,2,256,55,57,17.68%,
1550,Poudre R-1,Office/Administrative Support,Non-Rural,282,273,-9,229,53,44,18.79%,
1550,Poudre R-1,Other Support/Special Service Providers,Non-Rural,146,156,10,130,16,26,10.96%,
1550,Poudre R-1,Paraprofessional,Non-Rural,1030,1096,66,743,287,353,27.86%,
1550,Poudre R-1,Principals,Non-Rural,133,131,-2,119,14,12,10.53%,
1550,Poudre R-1,Professional-Other,Non-Rural,182,194,12,164,18,30,9.89%,
1550,Poudre R-1,Teachers,Non-Rural,1968,1959,-9,1758,210,201,10.67%,
1550,Poudre R-1 Total,1550 All Job Catagories Totals,Non-Rural,4696,4754,58,3911,785,843,16.72%,
1560,Thompson R2-J,Adminstrators,Non-Rural,31,35,4,30,1,5,3.23%,
1560,Thompson R2-J,Crafts/Trades/Services,Non-Rural,343,333,-10,250,93,83,27.11%,
1560,Thompson R2-J,Instructional Support,Non-Rural,207,209,2,149,58,60,28.02%,
1560,Thompson R2-J,Office/Administrative Support,Non-Rural,153,161,8,131,22,30,14.38%,
1560,Thompson R2-J,Other Support/Special Service Providers,Non-Rural,104,105,1,79,25,26,24.04%,
1560,Thompson R2-J,Paraprofessional,Non-Rural,394,415,21,288,106,127,26.90%,
1560,Thompson R2-J,Principals,Non-Rural,54,55,1,45,9,10,16.67%,
1560,Thompson R2-J,Professional-Other,Non-Rural,93,92,-1,76,17,16,18.28%,
1560,Thompson R2-J,Teachers,Non-Rural,952,965,13,796,156,169,16.39%,
1560,Thompson R2-J Total,1560 All Job Catagories Totals,Non-Rural,2331,2370,39,1844,487,526,20.89%,
1570,Estes Park R-3,Adminstrators,Small Rural,4,5,1,4,0,1,0.00%,
1570,Estes Park R-3,Crafts/Trades/Services,Small Rural,21,23,2,15,6,8,28.57%,
1570,Estes Park R-3,Instructional Support,Small Rural,13,13,0,8,5,5,38.46%,
1570,Estes Park R-3,Office/Administrative Support,Small Rural,11,11,0,8,3,3,27.27%,
1570,Estes Park R-3,Other Support/Special Service Providers,Small Rural,10,6,-4,3,7,3,70.00%,
1570,Estes Park R-3,Paraprofessional,Small Rural,21,29,8,13,8,16,38.10%,
1570,Estes Park R-3,Principals,Small Rural,5,5,0,3,2,2,40.00%,
1570,Estes Park R-3,Professional-Other,Small Rural,12,13,1,8,4,5,33.33%,
1570,Estes Park R-3,Teachers,Small Rural,81,77,-4,60,21,17,25.93%,
1570,Estes Park R-3 Total,1570 All Job Catagories Totals,Small Rural,178,182,4,122,56,60,31.46%,
1580,Trinidad 1,Adminstrators,Small Rural,3,2,-1,2,1,0,33.33%,
1580,Trinidad 1,Crafts/Trades/Services,Small Rural,24,19,-5,18,6,1,25.00%,
1580,Trinidad 1,Instructional Support,Small Rural,4,2,-2,2,2,0,50.00%,
1580,Trinidad 1,Office/Administrative Support,Small Rural,6,4,-2,3,3,1,50.00%,
1580,Trinidad 1,Other Support/Special Service Providers,Small Rural,2,2,0,2,0,0,0.00%,
1580,Trinidad 1,Paraprofessional,Small Rural,18,14,-4,12,6,2,33.33%,
1580,Trinidad 1,Principals,Small Rural,6,4,-2,4,2,0,33.33%,
1580,Trinidad 1,Professional-Other,Small Rural,7,8,1,6,1,2,14.29%,
1580,Trinidad 1,Teachers,Small Rural,51,44,-7,38,13,6,25.49%,
1580,Trinidad 1 Total,1580 All Job Catagories Totals,Small Rural,121,99,-22,87,34,12,28.10%,
1590,Primero Reorganized 2,Adminstrators,Small Rural,2,1,-1,1,1,0,50.00%,
1590,Primero Reorganized 2,Crafts/Trades/Services,Small Rural,8,5,-3,5,3,0,37.50%,
1590,Primero Reorganized 2,Instructional Support,Small Rural,1,1,0,1,0,0,0.00%,
1590,Primero Reorganized 2,Office/Administrative Support,Small Rural,1,1,0,1,0,0,0.00%,
1590,Primero Reorganized 2,Other Support/Special Service Providers,Small Rural,1,1,0,1,0,0,0.00%,
1590,Primero Reorganized 2,Paraprofessional,Small Rural,6,3,-3,3,3,0,50.00%,
1590,Primero Reorganized 2,Principals,Small Rural,1,1,0,0,1,1,100.00%,
1590,Primero Reorganized 2,Professional-Other,Small Rural,3,1,-2,1,2,0,66.67%,
1590,Primero Reorganized 2,Teachers,Small Rural,21,17,-4,16,5,1,23.81%,
1590,Primero Reorganized 2 Total,1590 All Job Catagories Totals,Small Rural,44,31,-13,29,15,2,34.09%,
1600,Hoehne Reorganized 3,Adminstrators,Small Rural,1,1,0,1,0,0,0.00%,
1600,Hoehne Reorganized 3,Crafts/Trades/Services,Small Rural,12,12,0,10,2,2,16.67%,
1600,Hoehne Reorganized 3,Instructional Support,Small Rural,3,2,-1,2,1,0,33.33%,
1600,Hoehne Reorganized 3,Office/Administrative Support,Small Rural,3,3,0,3,0,0,0.00%,
1600,Hoehne Reorganized 3,Other Support/Special Service Providers,Small Rural,1,1,0,0,1,1,100.00%,
1600,Hoehne Reorganized 3,Paraprofessional,Small Rural,6,7,1,5,1,2,16.67%,
1600,Hoehne Reorganized 3,Principals,Small Rural,1,1,0,1,0,0,0.00%,
1600,Hoehne Reorganized 3,Professional-Other,Small Rural,1,1,0,1,0,0,0.00%,
1600,Hoehne Reorganized 3,Teachers,Small Rural,20,20,0,18,2,2,10.00%,
1600,Hoehne Reorganized 3 Total,1600 All Job Catagories Totals,Small Rural,48,48,0,41,7,7,14.58%,
1620,Aguilar Reorganized 6,Adminstrators,Small Rural,1,2,1,1,0,1,0.00%,
1620,Aguilar Reorganized 6,Crafts/Trades/Services,Small Rural,6,6,0,5,1,1,16.67%,
1620,Aguilar Reorganized 6,Instructional Support,Small Rural,1,2,1,1,0,1,0.00%,
1620,Aguilar Reorganized 6,Office/Administrative Support,Small Rural,2,1,-1,1,1,0,50.00%,
1620,Aguilar Reorganized 6,Other Support/Special Service Providers,Small Rural,1,1,0,1,0,0,0.00%,
1620,Aguilar Reorganized 6,Paraprofessional,Small Rural,5,4,-1,3,2,1,40.00%,
1620,Aguilar Reorganized 6,Principals,Small Rural,2,1,-1,1,1,0,50.00%,
1620,Aguilar Reorganized 6,Professional-Other,Small Rural,2,2,0,2,0,0,0.00%,
1620,Aguilar Reorganized 6,Teachers,Small Rural,14,13,-1,12,2,1,14.29%,
1620,Aguilar Reorganized 6 Total,1620 All Job Catagories Totals,Small Rural,34,32,-2,27,7,5,20.59%,
1750,Branson Reorganized 82,Adminstrators,Small Rural,1,1,0,1,0,0,0.00%,
1750,Branson Reorganized 82,Crafts/Trades/Services,Small Rural,4,4,0,3,1,1,25.00%,
1750,Branson Reorganized 82,Instructional Support,Small Rural,2,3,1,2,0,1,0.00%,
1750,Branson Reorganized 82,Office/Administrative Support,Small Rural,5,5,0,5,0,0,0.00%,
1750,Branson Reorganized 82,Other Support/Special Service Providers,Small Rural,0,0,0,0,0,0,NA,
1750,Branson Reorganized 82,Paraprofessional,Small Rural,6,7,1,5,1,2,16.67%,
1750,Branson Reorganized 82,Principals,Small Rural,2,2,0,2,0,0,0.00%,
1750,Branson Reorganized 82,Professional-Other,Small Rural,3,3,0,2,1,1,33.33%,
1750,Branson Reorganized 82,Teachers,Small Rural,32,36,4,27,5,9,15.63%,
1750,Branson Reorganized 82 Total,1750 All Job Catagories Totals,Small Rural,55,61,6,47,8,14,14.55%,
1760,Kim Reorganized 88,Adminstrators,Small Rural,1,0,-1,0,1,0,100.00%,
1760,Kim Reorganized 88,Crafts/Trades/Services,Small Rural,4,2,-2,2,2,0,50.00%,
1760,Kim Reorganized 88,Instructional Support,Small Rural,0,0,0,0,0,0,NA,
1760,Kim Reorganized 88,Office/Administrative Support,Small Rural,2,2,0,2,0,0,0.00%,
1760,Kim Reorganized 88,Other Support/Special Service Providers,Small Rural,0,0,0,0,0,0,NA,
1760,Kim Reorganized 88,Paraprofessional,Small Rural,1,0,-1,0,1,0,100.00%,
1760,Kim Reorganized 88,Principals,Small Rural,0,0,0,0,0,0,NA,
1760,Kim Reorganized 88,Professional-Other,Small Rural,0,0,0,0,0,0,NA,
1760,Kim Reorganized 88,Teachers,Small Rural,9,9,0,9,0,0,0.00%,
1760,Kim Reorganized 88 Total,1760 All Job Catagories Totals,Small Rural,17,13,-4,13,4,0,23.53%,
1780,Genoa-Hugo C113,Adminstrators,Small Rural,1,1,0,1,0,0,0.00%,
1780,Genoa-Hugo C113,Crafts/Trades/Services,Small Rural,8,9,1,7,1,2,12.50%,
1780,Genoa-Hugo C113,Instructional Support,Small Rural,1,1,0,1,0,0,0.00%,
1780,Genoa-Hugo C113,Office/Administrative Support,Small Rural,2,2,0,1,1,1,50.00%,
1780,Genoa-Hugo C113,Other Support/Special Service Providers,Small Rural,0,0,0,0,0,0,NA,
1780,Genoa-Hugo C113,Paraprofessional,Small Rural,10,10,0,9,1,1,10.00%,
1780,Genoa-Hugo C113,Principals,Small Rural,1,1,0,1,0,0,0.00%,
1780,Genoa-Hugo C113,Professional-Other,Small Rural,1,1,0,1,0,0,0.00%,
1780,Genoa-Hugo C113,Teachers,Small Rural,19,18,-1,16,3,2,15.79%,
1780,Genoa-Hugo C113 Total,1780 All Job Catagories Totals,Small Rural,43,43,0,37,6,6,13.95%,
1790,Limon RE-4J,Adminstrators,Small Rural,1,1,0,1,0,0,0.00%,
1790,Limon RE-4J,Crafts/Trades/Services,Small Rural,13,15,2,10,3,5,23.08%,
1790,Limon RE-4J,Instructional Support,Small Rural,4,4,0,3,1,1,25.00%,
1790,Limon RE-4J,Office/Administrative Support,Small Rural,3,4,1,3,0,1,0.00%,
1790,Limon RE-4J,Other Support/Special Service Providers,Small Rural,2,3,1,1,1,2,50.00%,
1790,Limon RE-4J,Paraprofessional,Small Rural,14,11,-3,7,7,4,50.00%,
1790,Limon RE-4J,Principals,Small Rural,2,2,0,2,0,0,0.00%,
1790,Limon RE-4J,Professional-Other,Small Rural,2,3,1,2,0,1,0.00%,
1790,Limon RE-4J,Teachers,Small Rural,33,34,1,26,7,8,21.21%,
1790,Limon RE-4J Total,1790 All Job Catagories Totals,Small Rural,74,77,3,55,19,22,25.68%,
1810,Karval RE-23,Adminstrators,Small Rural,1,1,0,1,0,0,0.00%,
1810,Karval RE-23,Crafts/Trades/Services,Small Rural,8,9,1,5,3,4,37.50%,
1810,Karval RE-23,Instructional Support,Small Rural,1,0,-1,0,1,0,100.00%,
1810,Karval RE-23,Office/Administrative Support,Small Rural,2,2,0,2,0,0,0.00%,
1810,Karval RE-23,Other Support/Special Service Providers,Small Rural,1,1,0,1,0,0,0.00%,
1810,Karval RE-23,Paraprofessional,Small Rural,7,5,-2,3,4,2,57.14%,
1810,Karval RE-23,Principals,Small Rural,0,1,1,0,0,1,NA,
1810,Karval RE-23,Professional-Other,Small Rural,0,0,0,0,0,0,NA,
1810,Karval RE-23,Teachers,Small Rural,7,6,-1,4,3,2,42.86%,
1810,Karval RE-23 Total,1810 All Job Catagories Totals,Small Rural,27,25,-2,16,11,9,40.74%,
1828,Valley RE-1,Adminstrators,Rural,4,5,1,4,0,1,0.00%,
1828,Valley RE-1,Crafts/Trades/Services,Rural,50,52,2,42,8,10,16.00%,
1828,Valley RE-1,Instructional Support,Rural,9,9,0,6,3,3,33.33%,
1828,Valley RE-1,Office/Administrative Support,Rural,17,18,1,16,1,2,5.88%,
1828,Valley RE-1,Other Support/Special Service Providers,Rural,6,8,2,5,1,3,16.67%,
1828,Valley RE-1,Paraprofessional,Rural,80,88,8,58,22,30,27.50%,
1828,Valley RE-1,Principals,Rural,13,13,0,12,1,1,7.69%,
1828,Valley RE-1,Professional-Other,Rural,18,19,1,18,0,1,0.00%,
1828,Valley RE-1,Teachers,Rural,118,127,9,103,15,24,12.71%,
1828,Valley RE-1 Total,1828 All Job Catagories Totals,Rural,315,339,24,264,51,75,16.19%,
1850,Frenchman RE-3,Adminstrators,Small Rural,1,1,0,1,0,0,0.00%,
1850,Frenchman RE-3,Crafts/Trades/Services,Small Rural,3,7,4,3,0,4,0.00%,
1850,Frenchman RE-3,Instructional Support,Small Rural,1,4,3,1,0,3,0.00%,
1850,Frenchman RE-3,Office/Administrative Support,Small Rural,1,1,0,1,0,0,0.00%,
1850,Frenchman RE-3,Other Support/Special Service Providers,Small Rural,0,0,0,0,0,0,NA,
1850,Frenchman RE-3,Paraprofessional,Small Rural,8,9,1,5,3,4,37.50%,
1850,Frenchman RE-3,Principals,Small Rural,1,1,0,1,0,0,0.00%,
1850,Frenchman RE-3,Professional-Other,Small Rural,3,3,0,3,0,0,0.00%,
1850,Frenchman RE-3,Teachers,Small Rural,21,19,-2,16,5,3,23.81%,
1850,Frenchman RE-3 Total,1850 All Job Catagories Totals,Small Rural,39,45,6,31,8,14,20.51%,
1860,Buffalo RE-4J,Adminstrators,Small Rural,1,1,0,1,0,0,0.00%,
1860,Buffalo RE-4J,Crafts/Trades/Services,Small Rural,5,6,1,4,1,2,20.00%,
1860,Buffalo RE-4J,Instructional Support,Small Rural,2,4,2,1,1,3,50.00%,
1860,Buffalo RE-4J,Office/Administrative Support,Small Rural,4,4,0,4,0,0,0.00%,
1860,Buffalo RE-4J,Other Support/Special Service Providers,Small Rural,0,0,0,0,0,0,NA,
1860,Buffalo RE-4J,Paraprofessional,Small Rural,11,10,-1,9,2,1,18.18%,
1860,Buffalo RE-4J,Principals,Small Rural,2,2,0,2,0,0,0.00%,
1860,Buffalo RE-4J,Professional-Other,Small Rural,0,0,0,0,0,0,NA,
1860,Buffalo RE-4J,Teachers,Small Rural,24,21,-3,21,3,0,12.50%,
1860,Buffalo RE-4J Total,1860 All Job Catagories Totals,Small Rural,49,48,-1,42,7,6,14.29%,
1870,Plateau RE-5,Adminstrators,Small Rural,1,1,0,1,0,0,0.00%,
1870,Plateau RE-5,Crafts/Trades/Services,Small Rural,9,10,1,7,2,3,22.22%,
1870,Plateau RE-5,Instructional Support,Small Rural,1,1,0,1,0,0,0.00%,
1870,Plateau RE-5,Office/Administrative Support,Small Rural,2,2,0,2,0,0,0.00%,
1870,Plateau RE-5,Other Support/Special Service Providers,Small Rural,0,0,0,0,0,0,NA,
1870,Plateau RE-5,Paraprofessional,Small Rural,12,13,1,10,2,3,16.67%,
1870,Plateau RE-5,Principals,Small Rural,1,1,0,0,1,1,100.00%,
1870,Plateau RE-5,Professional-Other,Small Rural,1,1,0,1,0,0,0.00%,
1870,Plateau RE-5,Teachers,Small Rural,17,17,0,17,0,0,0.00%,
1870,Plateau RE-5 Total,1870 All Job Catagories Totals,Small Rural,44,46,2,39,5,7,11.36%,
1980,De Beque 49JT,Adminstrators,Small Rural,4,3,-1,3,1,0,25.00%,
1980,De Beque 49JT,Crafts/Trades/Services,Small Rural,3,3,0,3,0,0,0.00%,
1980,De Beque 49JT,Instructional Support,Small Rural,1,1,0,1,0,0,0.00%,
1980,De Beque 49JT,Office/Administrative Support,Small Rural,0,0,0,0,0,0,NA,
1980,De Beque 49JT,Other Support/Special Service Providers,Small Rural,0,0,0,0,0,0,NA,
1980,De Beque 49JT,Paraprofessional,Small Rural,8,5,-3,5,3,0,37.50%,
1980,De Beque 49JT,Principals,Small Rural,0,0,0,0,0,0,NA,
1980,De Beque 49JT,Professional-Other,Small Rural,3,3,0,3,0,0,0.00%,
1980,De Beque 49JT,Teachers,Small Rural,17,15,-2,15,2,0,11.76%,
1980,De Beque 49JT Total,1980 All Job Catagories Totals,Small Rural,36,30,-6,30,6,0,16.67%,
1990,Plateau Valley 50,Adminstrators,Small Rural,1,1,0,1,0,0,0.00%,
1990,Plateau Valley 50,Crafts/Trades/Services,Small Rural,13,11,-2,11,2,0,15.38%,
1990,Plateau Valley 50,Instructional Support,Small Rural,3,3,0,2,1,1,33.33%,
1990,Plateau Valley 50,Office/Administrative Support,Small Rural,3,4,1,3,0,1,0.00%,
1990,Plateau Valley 50,Other Support/Special Service Providers,Small Rural,1,1,0,1,0,0,0.00%,
1990,Plateau Valley 50,Paraprofessional,Small Rural,7,9,2,5,2,4,28.57%,
1990,Plateau Valley 50,Principals,Small Rural,3,4,1,1,2,3,66.67%,
1990,Plateau Valley 50,Professional-Other,Small Rural,2,1,-1,1,1,0,50.00%,
1990,Plateau Valley 50,Teachers,Small Rural,25,26,1,19,6,7,24.00%,
1990,Plateau Valley 50 Total,1990 All Job Catagories Totals,Small Rural,58,60,2,44,14,16,24.14%,
2000,Mesa County Valley 51,Adminstrators,Non-Rural,25,26,1,23,2,3,8.00%,
2000,Mesa County Valley 51,Crafts/Trades/Services,Non-Rural,340,336,-4,275,65,61,19.12%,
2000,Mesa County Valley 51,Instructional Support,Non-Rural,158,157,-1,124,34,33,21.52%,
2000,Mesa County Valley 51,Office/Administrative Support,Non-Rural,176,168,-8,148,28,20,15.91%,
2000,Mesa County Valley 51,Other Support/Special Service Providers,Non-Rural,144,135,-9,110,34,25,23.61%,
2000,Mesa County Valley 51,Paraprofessional,Non-Rural,629,631,2,486,143,145,22.73%,
2000,Mesa County Valley 51,Principals,Non-Rural,92,90,-2,82,10,8,10.87%,
2000,Mesa County Valley 51,Professional-Other,Non-Rural,103,106,3,87,16,19,15.53%,
2000,Mesa County Valley 51,Teachers,Non-Rural,1305,1297,-8,1155,150,142,11.49%,
2000,Mesa County Valley 51 Total,2000 All Job Catagories Totals,Non-Rural,2972,2946,-26,2490,482,456,16.22%,
2010,Creede School District,Adminstrators,Small Rural,1,1,0,0,1,1,100.00%,
2010,Creede School District,Crafts/Trades/Services,Small Rural,3,6,3,1,2,5,66.67%,
2010,Creede School District,Instructional Support,Small Rural,0,4,4,0,0,4,NA,
2010,Creede School District,Office/Administrative Support,Small Rural,4,1,-3,1,3,0,75.00%,
2010,Creede School District,Other Support/Special Service Providers,Small Rural,1,1,0,0,1,1,100.00%,
2010,Creede School District,Paraprofessional,Small Rural,3,3,0,0,3,3,100.00%,
2010,Creede School District,Principals,Small Rural,1,1,0,0,1,1,100.00%,
2010,Creede School District,Professional-Other,Small Rural,3,8,5,2,1,6,33.33%,
2010,Creede School District,Teachers,Small Rural,13,17,4,9,4,8,30.77%,
2010,Creede School District Total,2010 All Job Catagories Totals,Small Rural,29,42,13,13,16,29,55.17%,
2020,Moffat County RE: No 1,Adminstrators,Rural,8,9,1,5,3,4,37.50%,
2020,Moffat County RE: No 1,Crafts/Trades/Services,Rural,54,53,-1,38,16,15,29.63%,
2020,Moffat County RE: No 1,Instructional Support,Rural,35,29,-6,20,15,9,42.86%,
2020,Moffat County RE: No 1,Office/Administrative Support,Rural,18,20,2,11,7,9,38.89%,
2020,Moffat County RE: No 1,Other Support/Special Service Providers,Rural,15,13,-2,11,4,2,26.67%,
2020,Moffat County RE: No 1,Paraprofessional,Rural,112,110,-2,69,43,41,38.39%,
2020,Moffat County RE: No 1,Principals,Rural,8,9,1,7,1,2,12.50%,
2020,Moffat County RE: No 1,Professional-Other,Rural,10,14,4,8,2,6,20.00%,
2020,Moffat County RE: No 1,Teachers,Rural,137,136,-1,107,30,29,21.90%,
2020,Moffat County RE: No 1 Total,2020 All Job Catagories Totals,Rural,397,393,-4,276,121,117,30.48%,
2035,Montezuma-Cortez RE-1,Adminstrators,Rural,12,13,1,11,1,2,8.33%,
2035,Montezuma-Cortez RE-1,Crafts/Trades/Services,Rural,62,51,-11,45,17,6,27.42%,
2035,Montezuma-Cortez RE-1,Instructional Support,Rural,24,20,-4,17,7,3,29.17%,
2035,Montezuma-Cortez RE-1,Office/Administrative Support,Rural,34,34,0,28,6,6,17.65%,
2035,Montezuma-Cortez RE-1,Other Support/Special Service Providers,Rural,7,7,0,6,1,1,14.29%,
2035,Montezuma-Cortez RE-1,Paraprofessional,Rural,61,52,-9,33,28,19,45.90%,
2035,Montezuma-Cortez RE-1,Principals,Rural,17,17,0,14,3,3,17.65%,
2035,Montezuma-Cortez RE-1,Professional-Other,Rural,8,10,2,7,1,3,12.50%,
2035,Montezuma-Cortez RE-1,Teachers,Rural,161,155,-6,111,50,44,31.06%,
2035,Montezuma-Cortez RE-1 Total,2035 All Job Catagories Totals,Rural,386,359,-27,272,114,87,29.53%,
2055,Dolores RE-4A,Adminstrators,Small Rural,3,2,-1,1,2,1,66.67%,
2055,Dolores RE-4A,Crafts/Trades/Services,Small Rural,14,19,5,12,2,7,14.29%,
2055,Dolores RE-4A,Instructional Support,Small Rural,6,8,2,3,3,5,50.00%,
2055,Dolores RE-4A,Office/Administrative Support,Small Rural,9,8,-1,6,3,2,33.33%,
2055,Dolores RE-4A,Other Support/Special Service Providers,Small Rural,1,1,0,0,1,1,100.00%,
2055,Dolores RE-4A,Paraprofessional,Small Rural,37,49,12,26,11,23,29.73%,
2055,Dolores RE-4A,Principals,Small Rural,2,3,1,1,1,2,50.00%,
2055,Dolores RE-4A,Professional-Other,Small Rural,6,4,-2,3,3,1,50.00%,
2055,Dolores RE-4A,Teachers,Small Rural,53,53,0,42,11,11,20.75%,
2055,Dolores RE-4A Total,2055 All Job Catagories Totals,Small Rural,131,147,16,94,37,53,28.24%,
2070,Mancos Re-6,Adminstrators,Small Rural,4,2,-2,2,2,0,50.00%,
2070,Mancos Re-6,Crafts/Trades/Services,Small Rural,13,15,2,12,1,3,7.69%,
2070,Mancos Re-6,Instructional Support,Small Rural,5,5,0,4,1,1,20.00%,
2070,Mancos Re-6,Office/Administrative Support,Small Rural,2,2,0,2,0,0,0.00%,
2070,Mancos Re-6,Other Support/Special Service Providers,Small Rural,2,2,0,1,1,1,50.00%,
2070,Mancos Re-6,Paraprofessional,Small Rural,16,18,2,8,8,10,50.00%,
2070,Mancos Re-6,Principals,Small Rural,2,3,1,1,1,2,50.00%,
2070,Mancos Re-6,Professional-Other,Small Rural,10,10,0,9,1,1,10.00%,
2070,Mancos Re-6,Teachers,Small Rural,36,35,-1,27,9,8,25.00%,
2070,Mancos Re-6 Total,2070 All Job Catagories Totals,Small Rural,90,92,2,66,24,26,26.67%,
2180,Montrose County RE-1J,Adminstrators,Rural,8,9,1,6,2,3,25.00%,
2180,Montrose County RE-1J,Crafts/Trades/Services,Rural,76,76,0,66,10,10,13.16%,
2180,Montrose County RE-1J,Instructional Support,Rural,62,58,-4,45,17,13,27.42%,
2180,Montrose County RE-1J,Office/Administrative Support,Rural,48,47,-1,39,9,8,18.75%,
2180,Montrose County RE-1J,Other Support/Special Service Providers,Rural,25,29,4,18,7,11,28.00%,
2180,Montrose County RE-1J,Paraprofessional,Rural,156,174,18,110,46,64,29.49%,
2180,Montrose County RE-1J,Principals,Rural,24,23,-1,23,1,0,4.17%,
2180,Montrose County RE-1J,Professional-Other,Rural,34,34,0,25,9,9,26.47%,
2180,Montrose County RE-1J,Teachers,Rural,345,359,14,284,61,75,17.68%,
2180,Montrose County RE-1J Total,2180 All Job Catagories Totals,Rural,778,809,31,616,162,193,20.82%,
2190,West End RE-2,Adminstrators,Small Rural,1,1,0,1,0,0,0.00%,
2190,West End RE-2,Crafts/Trades/Services,Small Rural,11,11,0,9,2,2,18.18%,
2190,West End RE-2,Instructional Support,Small Rural,3,2,-1,0,3,2,100.00%,
2190,West End RE-2,Office/Administrative Support,Small Rural,4,4,0,4,0,0,0.00%,
2190,West End RE-2,Other Support/Special Service Providers,Small Rural,1,1,0,1,0,0,0.00%,
2190,West End RE-2,Paraprofessional,Small Rural,18,18,0,11,7,7,38.89%,
2190,West End RE-2,Principals,Small Rural,2,1,-1,1,1,0,50.00%,
2190,West End RE-2,Professional-Other,Small Rural,2,2,0,1,1,1,50.00%,
2190,West End RE-2,Teachers,Small Rural,19,19,0,16,3,3,15.79%,
2190,West End RE-2 Total,2190 All Job Catagories Totals,Small Rural,61,59,-2,44,17,15,27.87%,
2395,Brush RE-2(J),Adminstrators,Rural,6,5,-1,3,3,2,50.00%,
2395,Brush RE-2(J),Crafts/Trades/Services,Rural,22,28,6,20,2,8,9.09%,
2395,Brush RE-2(J),Instructional Support,Rural,3,3,0,3,0,0,0.00%,
2395,Brush RE-2(J),Office/Administrative Support,Rural,9,9,0,8,1,1,11.11%,
2395,Brush RE-2(J),Other Support/Special Service Providers,Rural,1,1,0,1,0,0,0.00%,
2395,Brush RE-2(J),Paraprofessional,Rural,45,49,4,37,8,12,17.78%,
2395,Brush RE-2(J),Principals,Rural,6,7,1,5,1,2,16.67%,
2395,Brush RE-2(J),Professional-Other,Rural,5,2,-3,2,3,0,60.00%,
2395,Brush RE-2(J),Teachers,Rural,88,83,-5,76,12,7,13.64%,
2395,Brush RE-2(J) Total,2395 All Job Catagories Totals,Rural,185,187,2,155,30,32,16.22%,
2405,Fort Morgan Re-3,Adminstrators,Rural,11,10,-1,9,2,1,18.18%,
2405,Fort Morgan Re-3,Crafts/Trades/Services,Rural,87,94,7,71,16,23,18.39%,
2405,Fort Morgan Re-3,Instructional Support,Rural,33,33,0,33,0,0,0.00%,
2405,Fort Morgan Re-3,Office/Administrative Support,Rural,31,32,1,27,4,5,12.90%,
2405,Fort Morgan Re-3,Other Support/Special Service Providers,Rural,19,20,1,16,3,4,15.79%,
2405,Fort Morgan Re-3,Paraprofessional,Rural,113,123,10,89,24,34,21.24%,
2405,Fort Morgan Re-3,Principals,Rural,13,15,2,11,2,4,15.38%,
2405,Fort Morgan Re-3,Professional-Other,Rural,18,20,2,15,3,5,16.67%,
2405,Fort Morgan Re-3,Teachers,Rural,228,233,5,199,29,34,12.72%,
2405,Fort Morgan Re-3 Total,2405 All Job Catagories Totals,Rural,553,580,27,470,83,110,15.01%,
2505,Weldon Valley RE-20(J),Adminstrators,Small Rural,1,1,0,1,0,0,0.00%,
2505,Weldon Valley RE-20(J),Crafts/Trades/Services,Small Rural,9,9,0,8,1,1,11.11%,
2505,Weldon Valley RE-20(J),Instructional Support,Small Rural,1,1,0,1,0,0,0.00%,
2505,Weldon Valley RE-20(J),Office/Administrative Support,Small Rural,1,1,0,1,0,0,0.00%,
2505,Weldon Valley RE-20(J),Other Support/Special Service Providers,Small Rural,0,1,1,0,0,1,NA,
2505,Weldon Valley RE-20(J),Paraprofessional,Small Rural,11,10,-1,9,2,1,18.18%,
2505,Weldon Valley RE-20(J),Principals,Small Rural,1,1,0,1,0,0,0.00%,
2505,Weldon Valley RE-20(J),Professional-Other,Small Rural,1,1,0,1,0,0,0.00%,
2505,Weldon Valley RE-20(J),Teachers,Small Rural,19,19,0,17,2,2,10.53%,
2505,Weldon Valley RE-20(J) Total,2505 All Job Catagories Totals,Small Rural,44,44,0,39,5,5,11.36%,
2515,Wiggins RE-50(J),Adminstrators,Small Rural,1,1,0,1,0,0,0.00%,
2515,Wiggins RE-50(J),Crafts/Trades/Services,Small Rural,17,17,0,16,1,1,5.88%,
2515,Wiggins RE-50(J),Instructional Support,Small Rural,4,4,0,4,0,0,0.00%,
2515,Wiggins RE-50(J),Office/Administrative Support,Small Rural,5,5,0,4,1,1,20.00%,
2515,Wiggins RE-50(J),Other Support/Special Service Providers,Small Rural,2,2,0,1,1,1,50.00%,
2515,Wiggins RE-50(J),Paraprofessional,Small Rural,29,31,2,25,4,6,13.79%,
2515,Wiggins RE-50(J),Principals,Small Rural,5,5,0,4,1,1,20.00%,
2515,Wiggins RE-50(J),Professional-Other,Small Rural,6,6,0,6,0,0,0.00%,
2515,Wiggins RE-50(J),Teachers,Small Rural,54,56,2,49,5,7,9.26%,
2515,Wiggins RE-50(J) Total,2515 All Job Catagories Totals,Small Rural,123,127,4,110,13,17,10.57%,
2520,East Otero R-1,Adminstrators,Rural,3,2,-1,2,1,0,33.33%,
2520,East Otero R-1,Crafts/Trades/Services,Rural,23,21,-2,20,3,1,13.04%,
2520,East Otero R-1,Instructional Support,Rural,6,3,-3,3,3,0,50.00%,
2520,East Otero R-1,Office/Administrative Support,Rural,12,10,-2,10,2,0,16.67%,
2520,East Otero R-1,Other Support/Special Service Providers,Rural,2,1,-1,1,1,0,50.00%,
2520,East Otero R-1,Paraprofessional,Rural,59,54,-5,54,5,0,8.47%,
2520,East Otero R-1,Principals,Rural,9,10,1,9,0,1,0.00%,
2520,East Otero R-1,Professional-Other,Rural,5,5,0,5,0,0,0.00%,
2520,East Otero R-1,Teachers,Rural,90,88,-2,83,7,5,7.78%,
2520,East Otero R-1 Total,2520 All Job Catagories Totals,Rural,209,194,-15,187,22,7,10.53%,
2530,Rocky Ford R-2,Adminstrators,Small Rural,1,1,0,1,0,0,0.00%,
2530,Rocky Ford R-2,Crafts/Trades/Services,Small Rural,10,10,0,9,1,1,10.00%,
2530,Rocky Ford R-2,Instructional Support,Small Rural,6,7,1,6,0,1,0.00%,
2530,Rocky Ford R-2,Office/Administrative Support,Small Rural,7,7,0,6,1,1,14.29%,
2530,Rocky Ford R-2,Other Support/Special Service Providers,Small Rural,1,1,0,1,0,0,0.00%,
2530,Rocky Ford R-2,Paraprofessional,Small Rural,34,33,-1,25,9,8,26.47%,
2530,Rocky Ford R-2,Principals,Small Rural,4,4,0,4,0,0,0.00%,
2530,Rocky Ford R-2,Professional-Other,Small Rural,4,3,-1,2,2,1,50.00%,
2530,Rocky Ford R-2,Teachers,Small Rural,53,51,-2,46,7,5,13.21%,
2530,Rocky Ford R-2 Total,2530 All Job Catagories Totals,Small Rural,120,117,-3,100,20,17,16.67%,
2535,Manzanola 3J,Adminstrators,Small Rural,1,1,0,1,0,0,0.00%,
2535,Manzanola 3J,Crafts/Trades/Services,Small Rural,7,6,-1,3,4,3,57.14%,
2535,Manzanola 3J,Instructional Support,Small Rural,2,3,1,1,1,2,50.00%,
2535,Manzanola 3J,Office/Administrative Support,Small Rural,3,3,0,3,0,0,0.00%,
2535,Manzanola 3J,Other Support/Special Service Providers,Small Rural,1,0,-1,0,1,0,100.00%,
2535,Manzanola 3J,Paraprofessional,Small Rural,4,5,1,4,0,1,0.00%,
2535,Manzanola 3J,Principals,Small Rural,0,1,1,0,0,1,NA,
2535,Manzanola 3J,Professional-Other,Small Rural,1,1,0,1,0,0,0.00%,
2535,Manzanola 3J,Teachers,Small Rural,15,15,0,10,5,5,33.33%,
2535,Manzanola 3J Total,2535 All Job Catagories Totals,Small Rural,34,35,1,23,11,12,32.35%,
2540,Fowler R-4J,Adminstrators,Small Rural,1,1,0,1,0,0,0.00%,
2540,Fowler R-4J,Crafts/Trades/Services,Small Rural,13,16,3,11,2,5,15.38%,
2540,Fowler R-4J,Instructional Support,Small Rural,2,2,0,1,1,1,50.00%,
2540,Fowler R-4J,Office/Administrative Support,Small Rural,4,3,-1,3,1,0,25.00%,
2540,Fowler R-4J,Other Support/Special Service Providers,Small Rural,1,1,0,1,0,0,0.00%,
2540,Fowler R-4J,Paraprofessional,Small Rural,7,7,0,3,4,4,57.14%,
2540,Fowler R-4J,Principals,Small Rural,2,2,0,1,1,1,50.00%,
2540,Fowler R-4J,Professional-Other,Small Rural,1,1,0,1,0,0,0.00%,
2540,Fowler R-4J,Teachers,Small Rural,36,36,0,32,4,4,11.11%,
2540,Fowler R-4J Total,2540 All Job Catagories Totals,Small Rural,67,69,2,54,13,15,19.40%,
2560,Cheraw 31,Adminstrators,Small Rural,1,1,0,1,0,0,0.00%,
2560,Cheraw 31,Crafts/Trades/Services,Small Rural,0,0,0,0,0,0,NA,
2560,Cheraw 31,Instructional Support,Small Rural,2,2,0,2,0,0,0.00%,
2560,Cheraw 31,Office/Administrative Support,Small Rural,5,4,-1,4,1,0,20.00%,
2560,Cheraw 31,Other Support/Special Service Providers,Small Rural,0,0,0,0,0,0,NA,
2560,Cheraw 31,Paraprofessional,Small Rural,7,6,-1,6,1,0,14.29%,
2560,Cheraw 31,Principals,Small Rural,1,1,0,1,0,0,0.00%,
2560,Cheraw 31,Professional-Other,Small Rural,0,0,0,0,0,0,NA,
2560,Cheraw 31,Teachers,Small Rural,20,14,-6,13,7,1,35.00%,
2560,Cheraw 31 Total,2560 All Job Catagories Totals,Small Rural,36,28,-8,27,9,1,25.00%,
2570,Swink 33,Adminstrators,Small Rural,1,1,0,1,0,0,0.00%,
2570,Swink 33,Crafts/Trades/Services,Small Rural,6,8,2,4,2,4,33.33%,
2570,Swink 33,Instructional Support,Small Rural,4,7,3,2,2,5,50.00%,
2570,Swink 33,Office/Administrative Support,Small Rural,4,4,0,4,0,0,0.00%,
2570,Swink 33,Other Support/Special Service Providers,Small Rural,1,1,0,1,0,0,0.00%,
2570,Swink 33,Paraprofessional,Small Rural,13,8,-5,7,6,1,46.15%,
2570,Swink 33,Principals,Small Rural,2,1,-1,1,1,0,50.00%,
2570,Swink 33,Professional-Other,Small Rural,4,3,-1,3,1,0,25.00%,
2570,Swink 33,Teachers,Small Rural,28,26,-2,22,6,4,21.43%,
2570,Swink 33 Total,2570 All Job Catagories Totals,Small Rural,63,59,-4,45,18,14,28.57%,
2580,Ouray R-1,Adminstrators,Small Rural,2,2,0,2,0,0,0.00%,
2580,Ouray R-1,Crafts/Trades/Services,Small Rural,3,3,0,3,0,0,0.00%,
2580,Ouray R-1,Instructional Support,Small Rural,2,2,0,2,0,0,0.00%,
2580,Ouray R-1,Office/Administrative Support,Small Rural,2,2,0,2,0,0,0.00%,
2580,Ouray R-1,Other Support/Special Service Providers,Small Rural,2,2,0,2,0,0,0.00%,
2580,Ouray R-1,Paraprofessional,Small Rural,6,6,0,4,2,2,33.33%,
2580,Ouray R-1,Principals,Small Rural,1,1,0,1,0,0,0.00%,
2580,Ouray R-1,Professional-Other,Small Rural,4,5,1,4,0,1,0.00%,
2580,Ouray R-1,Teachers,Small Rural,21,22,1,21,0,1,0.00%,
2580,Ouray R-1 Total,2580 All Job Catagories Totals,Small Rural,43,45,2,41,2,4,4.65%,
2590,Ridgway R-2,Adminstrators,Small Rural,2,2,0,2,0,0,0.00%,
2590,Ridgway R-2,Crafts/Trades/Services,Small Rural,6,9,3,5,1,4,16.67%,
2590,Ridgway R-2,Instructional Support,Small Rural,7,7,0,6,1,1,14.29%,
2590,Ridgway R-2,Office/Administrative Support,Small Rural,4,4,0,3,1,1,25.00%,
2590,Ridgway R-2,Other Support/Special Service Providers,Small Rural,1,1,0,1,0,0,0.00%,
2590,Ridgway R-2,Paraprofessional,Small Rural,9,10,1,7,2,3,22.22%,
2590,Ridgway R-2,Principals,Small Rural,3,3,0,2,1,1,33.33%,
2590,Ridgway R-2,Professional-Other,Small Rural,4,4,0,2,2,2,50.00%,
2590,Ridgway R-2,Teachers,Small Rural,34,33,-1,32,2,1,5.88%,
2590,Ridgway R-2 Total,2590 All Job Catagories Totals,Small Rural,70,73,3,60,10,13,14.29%,
2600,Platte Canyon 1,Adminstrators,Small Rural,8,6,-2,5,3,1,37.50%,
2600,Platte Canyon 1,Crafts/Trades/Services,Small Rural,23,22,-1,17,6,5,26.09%,
2600,Platte Canyon 1,Instructional Support,Small Rural,6,5,-1,3,3,2,50.00%,
2600,Platte Canyon 1,Office/Administrative Support,Small Rural,4,4,0,4,0,0,0.00%,
2600,Platte Canyon 1,Other Support/Special Service Providers,Small Rural,1,1,0,0,1,1,100.00%,
2600,Platte Canyon 1,Paraprofessional,Small Rural,27,22,-5,18,9,4,33.33%,
2600,Platte Canyon 1,Principals,Small Rural,4,5,1,3,1,2,25.00%,
2600,Platte Canyon 1,Professional-Other,Small Rural,9,9,0,7,2,2,22.22%,
2600,Platte Canyon 1,Teachers,Small Rural,56,54,-2,53,3,1,5.36%,
2600,Platte Canyon 1 Total,2600 All Job Catagories Totals,Small Rural,138,128,-10,110,28,18,20.29%,
2610,Park County RE-2,Adminstrators,Small Rural,3,1,-2,0,3,1,100.00%,
2610,Park County RE-2,Crafts/Trades/Services,Small Rural,19,13,-6,9,10,4,52.63%,
2610,Park County RE-2,Instructional Support,Small Rural,4,5,1,4,0,1,0.00%,
2610,Park County RE-2,Office/Administrative Support,Small Rural,12,3,-9,3,9,0,75.00%,
2610,Park County RE-2,Other Support/Special Service Providers,Small Rural,7,7,0,5,2,2,28.57%,
2610,Park County RE-2,Paraprofessional,Small Rural,30,15,-15,11,19,4,63.33%,
2610,Park County RE-2,Principals,Small Rural,4,3,-1,2,2,1,50.00%,
2610,Park County RE-2,Professional-Other,Small Rural,16,5,-11,5,11,0,68.75%,
2610,Park County RE-2,Teachers,Small Rural,51,37,-14,23,28,14,54.90%,
2610,Park County RE-2 Total,2610 All Job Catagories Totals,Small Rural,146,89,-57,62,84,27,57.53%,
2620,Holyoke Re-1J,Adminstrators,Small Rural,1,1,0,1,0,0,0.00%,
2620,Holyoke Re-1J,Crafts/Trades/Services,Small Rural,14,14,0,13,1,1,7.14%,
2620,Holyoke Re-1J,Instructional Support,Small Rural,6,7,1,6,0,1,0.00%,
2620,Holyoke Re-1J,Office/Administrative Support,Small Rural,5,5,0,5,0,0,0.00%,
2620,Holyoke Re-1J,Other Support/Special Service Providers,Small Rural,0,0,0,0,0,0,NA,
2620,Holyoke Re-1J,Paraprofessional,Small Rural,19,18,-1,14,5,4,26.32%,
2620,Holyoke Re-1J,Principals,Small Rural,2,2,0,2,0,0,0.00%,
2620,Holyoke Re-1J,Professional-Other,Small Rural,2,2,0,2,0,0,0.00%,
2620,Holyoke Re-1J,Teachers,Small Rural,41,44,3,36,5,8,12.20%,
2620,Holyoke Re-1J Total,2620 All Job Catagories Totals,Small Rural,90,93,3,79,11,14,12.22%,
2630,Haxtun RE-2J,Adminstrators,Small Rural,1,1,0,0,1,1,100.00%,
2630,Haxtun RE-2J,Crafts/Trades/Services,Small Rural,8,11,3,7,1,4,12.50%,
2630,Haxtun RE-2J,Instructional Support,Small Rural,5,5,0,4,1,1,20.00%,
2630,Haxtun RE-2J,Office/Administrative Support,Small Rural,3,4,1,3,0,1,0.00%,
2630,Haxtun RE-2J,Other Support/Special Service Providers,Small Rural,0,0,0,0,0,0,NA,
2630,Haxtun RE-2J,Paraprofessional,Small Rural,13,15,2,9,4,6,30.77%,
2630,Haxtun RE-2J,Principals,Small Rural,2,2,0,2,0,0,0.00%,
2630,Haxtun RE-2J,Professional-Other,Small Rural,0,3,3,0,0,3,NA,
2630,Haxtun RE-2J,Teachers,Small Rural,26,24,-2,20,6,4,23.08%,
2630,Haxtun RE-2J Total,2630 All Job Catagories Totals,Small Rural,58,65,7,45,13,20,22.41%,
2640,Aspen 1,Adminstrators,Rural,7,8,1,5,2,3,28.57%,
2640,Aspen 1,Crafts/Trades/Services,Rural,34,32,-2,30,4,2,11.76%,
2640,Aspen 1,Instructional Support,Rural,24,36,12,19,5,17,20.83%,
2640,Aspen 1,Office/Administrative Support,Rural,13,11,-2,10,3,1,23.08%,
2640,Aspen 1,Other Support/Special Service Providers,Rural,10,10,0,7,3,3,30.00%,
2640,Aspen 1,Paraprofessional,Rural,37,39,2,32,5,7,13.51%,
2640,Aspen 1,Principals,Rural,6,6,0,6,0,0,0.00%,
2640,Aspen 1,Professional-Other,Rural,30,26,-4,26,4,0,13.33%,
2640,Aspen 1,Teachers,Rural,140,131,-9,115,25,16,17.86%,
2640,Aspen 1 Total,2640 All Job Catagories Totals,Rural,301,299,-2,250,51,49,16.94%,
2650,Granada RE-1,Adminstrators,Small Rural,1,1,0,1,0,0,0.00%,
2650,Granada RE-1,Crafts/Trades/Services,Small Rural,8,8,0,8,0,0,0.00%,
2650,Granada RE-1,Instructional Support,Small Rural,3,3,0,3,0,0,0.00%,
2650,Granada RE-1,Office/Administrative Support,Small Rural,2,2,0,2,0,0,0.00%,
2650,Granada RE-1,Other Support/Special Service Providers,Small Rural,0,0,0,0,0,0,NA,
2650,Granada RE-1,Paraprofessional,Small Rural,6,6,0,5,1,1,16.67%,
2650,Granada RE-1,Principals,Small Rural,0,0,0,0,0,0,NA,
2650,Granada RE-1,Professional-Other,Small Rural,2,2,0,2,0,0,0.00%,
2650,Granada RE-1,Teachers,Small Rural,21,21,0,17,4,4,19.05%,
2650,Granada RE-1 Total,2650 All Job Catagories Totals,Small Rural,43,43,0,38,5,5,11.63%,
2660,Lamar Re-2,Adminstrators,Rural,2,1,-1,1,1,0,50.00%,
2660,Lamar Re-2,Crafts/Trades/Services,Rural,19,19,0,17,2,2,10.53%,
2660,Lamar Re-2,Instructional Support,Rural,11,11,0,9,2,2,18.18%,
2660,Lamar Re-2,Office/Administrative Support,Rural,16,16,0,15,1,1,6.25%,
2660,Lamar Re-2,Other Support/Special Service Providers,Rural,3,3,0,3,0,0,0.00%,
2660,Lamar Re-2,Paraprofessional,Rural,60,61,1,37,23,24,38.33%,
2660,Lamar Re-2,Principals,Rural,9,9,0,9,0,0,0.00%,
2660,Lamar Re-2,Professional-Other,Rural,3,3,0,3,0,0,0.00%,
2660,Lamar Re-2,Teachers,Rural,98,95,-3,84,14,11,14.29%,
2660,Lamar Re-2 Total,2660 All Job Catagories Totals,Rural,221,218,-3,178,43,40,19.46%,
2670,Holly RE-3,Adminstrators,Small Rural,1,1,0,0,1,1,100.00%,
2670,Holly RE-3,Crafts/Trades/Services,Small Rural,6,6,0,5,1,1,16.67%,
2670,Holly RE-3,Instructional Support,Small Rural,1,2,1,1,0,1,0.00%,
2670,Holly RE-3,Office/Administrative Support,Small Rural,3,3,0,2,1,1,33.33%,
2670,Holly RE-3,Other Support/Special Service Providers,Small Rural,1,1,0,1,0,0,0.00%,
2670,Holly RE-3,Paraprofessional,Small Rural,12,12,0,12,0,0,0.00%,
2670,Holly RE-3,Principals,Small Rural,1,2,1,0,1,2,100.00%,
2670,Holly RE-3,Professional-Other,Small Rural,2,1,-1,1,1,0,50.00%,
2670,Holly RE-3,Teachers,Small Rural,18,20,2,16,2,4,11.11%,
2670,Holly RE-3 Total,2670 All Job Catagories Totals,Small Rural,45,48,3,38,7,10,15.56%,
2680,Wiley RE-13 Jt,Adminstrators,Small Rural,1,1,0,1,0,0,0.00%,
2680,Wiley RE-13 Jt,Crafts/Trades/Services,Small Rural,7,5,-2,4,3,1,42.86%,
2680,Wiley RE-13 Jt,Instructional Support,Small Rural,2,3,1,1,1,2,50.00%,
2680,Wiley RE-13 Jt,Office/Administrative Support,Small Rural,4,2,-2,2,2,0,50.00%,
2680,Wiley RE-13 Jt,Other Support/Special Service Providers,Small Rural,1,1,0,1,0,0,0.00%,
2680,Wiley RE-13 Jt,Paraprofessional,Small Rural,13,11,-2,7,6,4,46.15%,
2680,Wiley RE-13 Jt,Principals,Small Rural,2,2,0,1,1,1,50.00%,
2680,Wiley RE-13 Jt,Professional-Other,Small Rural,0,3,3,0,0,3,NA,
2680,Wiley RE-13 Jt,Teachers,Small Rural,26,26,0,14,12,12,46.15%,
2680,Wiley RE-13 Jt Total,2680 All Job Catagories Totals,Small Rural,56,54,-2,31,25,23,44.64%,
2690,Pueblo City 60,Adminstrators,Non-Rural,24,25,1,18,6,7,25.00%,
2690,Pueblo City 60,Crafts/Trades/Services,Non-Rural,198,204,6,172,26,32,13.13%,
2690,Pueblo City 60,Instructional Support,Non-Rural,159,147,-12,116,43,31,27.04%,
2690,Pueblo City 60,Office/Administrative Support,Non-Rural,115,108,-7,101,14,7,12.17%,
2690,Pueblo City 60,Other Support/Special Service Providers,Non-Rural,60,55,-5,50,10,5,16.67%,
2690,Pueblo City 60,Paraprofessional,Non-Rural,425,410,-15,347,78,63,18.35%,
2690,Pueblo City 60,Principals,Non-Rural,57,59,2,47,10,12,17.54%,
2690,Pueblo City 60,Professional-Other,Non-Rural,81,82,1,66,15,16,18.52%,
2690,Pueblo City 60,Teachers,Non-Rural,857,863,6,720,137,143,15.99%,
2690,Pueblo City 60 Total,2690 All Job Catagories Totals,Non-Rural,1976,1953,-23,1637,339,316,17.16%,
2700,Pueblo County 70,Adminstrators,Non-Rural,21,18,-3,18,3,0,14.29%,
2700,Pueblo County 70,Crafts/Trades/Services,Non-Rural,185,169,-16,142,43,27,23.24%,
2700,Pueblo County 70,Instructional Support,Non-Rural,45,41,-4,34,11,7,24.44%,
2700,Pueblo County 70,Office/Administrative Support,Non-Rural,54,54,0,51,3,3,5.56%,
2700,Pueblo County 70,Other Support/Special Service Providers,Non-Rural,37,37,0,30,7,7,18.92%,
2700,Pueblo County 70,Paraprofessional,Non-Rural,244,218,-26,195,49,23,20.08%,
2700,Pueblo County 70,Principals,Non-Rural,44,43,-1,39,5,4,11.36%,
2700,Pueblo County 70,Professional-Other,Non-Rural,49,46,-3,42,7,4,14.29%,
2700,Pueblo County 70,Teachers,Non-Rural,597,569,-28,522,75,47,12.56%,
2700,Pueblo County 70 Total,2700 All Job Catagories Totals,Non-Rural,1276,1195,-81,1073,203,122,15.91%,
2710,Meeker RE-1,Adminstrators,Small Rural,1,1,0,1,0,0,0.00%,
2710,Meeker RE-1,Crafts/Trades/Services,Small Rural,17,16,-1,13,4,3,23.53%,
2710,Meeker RE-1,Instructional Support,Small Rural,5,5,0,4,1,1,20.00%,
2710,Meeker RE-1,Office/Administrative Support,Small Rural,6,5,-1,4,2,1,33.33%,
2710,Meeker RE-1,Other Support/Special Service Providers,Small Rural,0,0,0,0,0,0,NA,
2710,Meeker RE-1,Paraprofessional,Small Rural,19,19,0,15,4,4,21.05%,
2710,Meeker RE-1,Principals,Small Rural,3,3,0,3,0,0,0.00%,
2710,Meeker RE-1,Professional-Other,Small Rural,4,4,0,4,0,0,0.00%,
2710,Meeker RE-1,Teachers,Small Rural,47,49,2,42,5,7,10.64%,
2710,Meeker RE-1 Total,2710 All Job Catagories Totals,Small Rural,102,102,0,86,16,16,15.69%,
2720,Rangely RE-4,Adminstrators,Small Rural,1,1,0,1,0,0,0.00%,
2720,Rangely RE-4,Crafts/Trades/Services,Small Rural,21,19,-2,15,6,4,28.57%,
2720,Rangely RE-4,Instructional Support,Small Rural,3,3,0,3,0,0,0.00%,
2720,Rangely RE-4,Office/Administrative Support,Small Rural,4,5,1,4,0,1,0.00%,
2720,Rangely RE-4,Other Support/Special Service Providers,Small Rural,0,0,0,0,0,0,NA,
2720,Rangely RE-4,Paraprofessional,Small Rural,24,22,-2,16,8,6,33.33%,
2720,Rangely RE-4,Principals,Small Rural,2,2,0,2,0,0,0.00%,
2720,Rangely RE-4,Professional-Other,Small Rural,3,3,0,2,1,1,33.33%,
2720,Rangely RE-4,Teachers,Small Rural,38,39,1,29,9,10,23.68%,
2720,Rangely RE-4 Total,2720 All Job Catagories Totals,Small Rural,96,94,-2,72,24,22,25.00%,
2730,Upper Rio Grande School District C-7,Adminstrators,Small Rural,2,2,0,2,0,0,0.00%,
2730,Upper Rio Grande School District C-7,Crafts/Trades/Services,Small Rural,13,13,0,11,2,2,15.38%,
2730,Upper Rio Grande School District C-7,Instructional Support,Small Rural,4,6,2,3,1,3,25.00%,
2730,Upper Rio Grande School District C-7,Office/Administrative Support,Small Rural,4,4,0,4,0,0,0.00%,
2730,Upper Rio Grande School District C-7,Other Support/Special Service Providers,Small Rural,1,1,0,1,0,0,0.00%,
2730,Upper Rio Grande School District C-7,Paraprofessional,Small Rural,9,12,3,7,2,5,22.22%,
2730,Upper Rio Grande School District C-7,Principals,Small Rural,2,2,0,2,0,0,0.00%,
2730,Upper Rio Grande School District C-7,Professional-Other,Small Rural,2,2,0,2,0,0,0.00%,
2730,Upper Rio Grande School District C-7,Teachers,Small Rural,36,37,1,30,6,7,16.67%,
2730,Upper Rio Grande School District C-7 Total,2730 All Job Catagories Totals,Small Rural,73,79,6,62,11,17,15.07%,
2740,Monte Vista C-8,Adminstrators,Small Rural,1,1,0,1,0,0,0.00%,
2740,Monte Vista C-8,Crafts/Trades/Services,Small Rural,26,26,0,19,7,7,26.92%,
2740,Monte Vista C-8,Instructional Support,Small Rural,13,12,-1,11,2,1,15.38%,
2740,Monte Vista C-8,Office/Administrative Support,Small Rural,12,12,0,11,1,1,8.33%,
2740,Monte Vista C-8,Other Support/Special Service Providers,Small Rural,2,2,0,2,0,0,0.00%,
2740,Monte Vista C-8,Paraprofessional,Small Rural,30,30,0,23,7,7,23.33%,
2740,Monte Vista C-8,Principals,Small Rural,5,5,0,5,0,0,0.00%,
2740,Monte Vista C-8,Professional-Other,Small Rural,7,7,0,7,0,0,0.00%,
2740,Monte Vista C-8,Teachers,Small Rural,72,77,5,64,8,13,11.11%,
2740,Monte Vista C-8 Total,2740 All Job Catagories Totals,Small Rural,168,172,4,143,25,29,14.88%,
2750,Sargent RE-33J,Adminstrators,Small Rural,1,1,0,0,1,1,100.00%,
2750,Sargent RE-33J,Crafts/Trades/Services,Small Rural,8,9,1,7,1,2,12.50%,
2750,Sargent RE-33J,Instructional Support,Small Rural,3,3,0,2,1,1,33.33%,
2750,Sargent RE-33J,Office/Administrative Support,Small Rural,2,2,0,2,0,0,0.00%,
2750,Sargent RE-33J,Other Support/Special Service Providers,Small Rural,1,1,0,1,0,0,0.00%,
2750,Sargent RE-33J,Paraprofessional,Small Rural,4,5,1,3,1,2,25.00%,
2750,Sargent RE-33J,Principals,Small Rural,1,1,0,1,0,0,0.00%,
2750,Sargent RE-33J,Professional-Other,Small Rural,5,5,0,2,3,3,60.00%,
2750,Sargent RE-33J,Teachers,Small Rural,28,25,-3,21,7,4,25.00%,
2750,Sargent RE-33J Total,2750 All Job Catagories Totals,Small Rural,53,52,-1,39,14,13,26.42%,
2760,Hayden RE-1,Adminstrators,Small Rural,1,1,0,1,0,0,0.00%,
2760,Hayden RE-1,Crafts/Trades/Services,Small Rural,10,10,0,10,0,0,0.00%,
2760,Hayden RE-1,Instructional Support,Small Rural,4,5,1,4,0,1,0.00%,
2760,Hayden RE-1,Office/Administrative Support,Small Rural,2,2,0,2,0,0,0.00%,
2760,Hayden RE-1,Other Support/Special Service Providers,Small Rural,2,3,1,2,0,1,0.00%,
2760,Hayden RE-1,Paraprofessional,Small Rural,12,13,1,8,4,5,33.33%,
2760,Hayden RE-1,Principals,Small Rural,3,3,0,3,0,0,0.00%,
2760,Hayden RE-1,Professional-Other,Small Rural,4,4,0,4,0,0,0.00%,
2760,Hayden RE-1,Teachers,Small Rural,35,35,0,26,9,9,25.71%,
2760,Hayden RE-1 Total,2760 All Job Catagories Totals,Small Rural,73,76,3,60,13,16,17.81%,
2770,Steamboat Springs RE-2,Adminstrators,Rural,10,11,1,10,0,1,0.00%,
2770,Steamboat Springs RE-2,Crafts/Trades/Services,Rural,36,38,2,29,7,9,19.44%,
2770,Steamboat Springs RE-2,Instructional Support,Rural,38,37,-1,32,6,5,15.79%,
2770,Steamboat Springs RE-2,Office/Administrative Support,Rural,21,22,1,18,3,4,14.29%,
2770,Steamboat Springs RE-2,Other Support/Special Service Providers,Rural,22,25,3,16,6,9,27.27%,
2770,Steamboat Springs RE-2,Paraprofessional,Rural,63,70,7,46,17,24,26.98%,
2770,Steamboat Springs RE-2,Principals,Rural,14,14,0,14,0,0,0.00%,
2770,Steamboat Springs RE-2,Professional-Other,Rural,15,20,5,14,1,6,6.67%,
2770,Steamboat Springs RE-2,Teachers,Rural,199,201,2,174,25,27,12.56%,
2770,Steamboat Springs RE-2 Total,2770 All Job Catagories Totals,Rural,418,438,20,353,65,85,15.55%,
2780,South Routt RE 3,Adminstrators,Small Rural,2,2,0,2,0,0,0.00%,
2780,South Routt RE 3,Crafts/Trades/Services,Small Rural,13,12,-1,12,1,0,7.69%,
2780,South Routt RE 3,Instructional Support,Small Rural,4,5,1,3,1,2,25.00%,
2780,South Routt RE 3,Office/Administrative Support,Small Rural,3,3,0,3,0,0,0.00%,
2780,South Routt RE 3,Other Support/Special Service Providers,Small Rural,1,1,0,1,0,0,0.00%,
2780,South Routt RE 3,Paraprofessional,Small Rural,12,12,0,7,5,5,41.67%,
2780,South Routt RE 3,Principals,Small Rural,3,1,-2,0,3,1,100.00%,
2780,South Routt RE 3,Professional-Other,Small Rural,3,3,0,3,0,0,0.00%,
2780,South Routt RE 3,Teachers,Small Rural,24,27,3,15,9,12,37.50%,
2780,South Routt RE 3 Total,2780 All Job Catagories Totals,Small Rural,65,66,1,46,19,20,29.23%,
2790,Mountain Valley RE 1,Adminstrators,Small Rural,3,3,0,3,0,0,0.00%,
2790,Mountain Valley RE 1,Crafts/Trades/Services,Small Rural,9,6,-3,6,3,0,33.33%,
2790,Mountain Valley RE 1,Instructional Support,Small Rural,3,3,0,3,0,0,0.00%,
2790,Mountain Valley RE 1,Office/Administrative Support,Small Rural,2,2,0,2,0,0,0.00%,
2790,Mountain Valley RE 1,Other Support/Special Service Providers,Small Rural,1,1,0,1,0,0,0.00%,
2790,Mountain Valley RE 1,Paraprofessional,Small Rural,8,6,-2,5,3,1,37.50%,
2790,Mountain Valley RE 1,Principals,Small Rural,0,1,1,0,0,1,NA,
2790,Mountain Valley RE 1,Professional-Other,Small Rural,4,4,0,2,2,2,50.00%,
2790,Mountain Valley RE 1,Teachers,Small Rural,14,13,-1,9,5,4,35.71%,
2790,Mountain Valley RE 1 Total,2790 All Job Catagories Totals,Small Rural,44,39,-5,31,13,8,29.55%,
2800,Moffat 2,Adminstrators,Small Rural,7,6,-1,6,1,0,14.29%,
2800,Moffat 2,Crafts/Trades/Services,Small Rural,9,6,-3,6,3,0,33.33%,
2800,Moffat 2,Instructional Support,Small Rural,8,7,-1,5,3,2,37.50%,
2800,Moffat 2,Office/Administrative Support,Small Rural,3,2,-1,2,1,0,33.33%,
2800,Moffat 2,Other Support/Special Service Providers,Small Rural,1,0,-1,0,1,0,100.00%,
2800,Moffat 2,Paraprofessional,Small Rural,7,4,-3,4,3,0,42.86%,
2800,Moffat 2,Principals,Small Rural,2,2,0,2,0,0,0.00%,
2800,Moffat 2,Professional-Other,Small Rural,1,2,1,1,0,1,0.00%,
2800,Moffat 2,Teachers,Small Rural,21,18,-3,17,4,1,19.05%,
2800,Moffat 2 Total,2800 All Job Catagories Totals,Small Rural,59,47,-12,43,16,4,27.12%,
2810,Center 26 JT,Adminstrators,Small Rural,10,11,1,7,3,4,30.00%,
2810,Center 26 JT,Crafts/Trades/Services,Small Rural,10,17,7,5,5,12,50.00%,
2810,Center 26 JT,Instructional Support,Small Rural,8,7,-1,5,3,2,37.50%,
2810,Center 26 JT,Office/Administrative Support,Small Rural,7,14,7,7,0,7,0.00%,
2810,Center 26 JT,Other Support/Special Service Providers,Small Rural,3,3,0,3,0,0,0.00%,
2810,Center 26 JT,Paraprofessional,Small Rural,23,38,15,17,6,21,26.09%,
2810,Center 26 JT,Principals,Small Rural,4,5,1,4,0,1,0.00%,
2810,Center 26 JT,Professional-Other,Small Rural,3,7,4,3,0,4,0.00%,
2810,Center 26 JT,Teachers,Small Rural,40,47,7,33,7,14,17.50%,
2810,Center 26 JT Total,2810 All Job Catagories Totals,Small Rural,108,149,41,84,24,65,22.22%,
2820,Silverton 1,Adminstrators,Small Rural,1,1,0,1,0,0,0.00%,
2820,Silverton 1,Crafts/Trades/Services,Small Rural,2,2,0,2,0,0,0.00%,
2820,Silverton 1,Instructional Support,Small Rural,4,4,0,4,0,0,0.00%,
2820,Silverton 1,Office/Administrative Support,Small Rural,2,2,0,1,1,1,50.00%,
2820,Silverton 1,Other Support/Special Service Providers,Small Rural,1,1,0,1,0,0,0.00%,
2820,Silverton 1,Paraprofessional,Small Rural,4,3,-1,1,3,2,75.00%,
2820,Silverton 1,Principals,Small Rural,1,1,0,1,0,0,0.00%,
2820,Silverton 1,Professional-Other,Small Rural,0,0,0,0,0,0,NA,
2820,Silverton 1,Teachers,Small Rural,9,8,-1,7,2,1,22.22%,
2820,Silverton 1 Total,2820 All Job Catagories Totals,Small Rural,24,22,-2,18,6,4,25.00%,
2830,Telluride R-1,Adminstrators,Small Rural,3,3,0,3,0,0,0.00%,
2830,Telluride R-1,Crafts/Trades/Services,Small Rural,5,6,1,4,1,2,20.00%,
2830,Telluride R-1,Instructional Support,Small Rural,19,24,5,17,2,7,10.53%,
2830,Telluride R-1,Office/Administrative Support,Small Rural,7,9,2,7,0,2,0.00%,
2830,Telluride R-1,Other Support/Special Service Providers,Small Rural,5,6,1,4,1,2,20.00%,
2830,Telluride R-1,Paraprofessional,Small Rural,10,18,8,7,3,11,30.00%,
2830,Telluride R-1,Principals,Small Rural,3,3,0,3,0,0,0.00%,
2830,Telluride R-1,Professional-Other,Small Rural,8,9,1,8,0,1,0.00%,
2830,Telluride R-1,Teachers,Small Rural,63,70,7,52,11,18,17.46%,
2830,Telluride R-1 Total,2830 All Job Catagories Totals,Small Rural,123,148,25,105,18,43,14.63%,
2840,Norwood R-2J,Adminstrators,Small Rural,2,2,0,1,1,1,50.00%,
2840,Norwood R-2J,Crafts/Trades/Services,Small Rural,14,11,-3,8,6,3,42.86%,
2840,Norwood R-2J,Instructional Support,Small Rural,2,1,-1,1,1,0,50.00%,
2840,Norwood R-2J,Office/Administrative Support,Small Rural,2,3,1,0,2,3,100.00%,
2840,Norwood R-2J,Other Support/Special Service Providers,Small Rural,2,1,-1,1,1,0,50.00%,
2840,Norwood R-2J,Paraprofessional,Small Rural,10,13,3,7,3,6,30.00%,
2840,Norwood R-2J,Principals,Small Rural,1,2,1,0,1,2,100.00%,
2840,Norwood R-2J,Professional-Other,Small Rural,3,1,-2,1,2,0,66.67%,
2840,Norwood R-2J,Teachers,Small Rural,21,18,-3,13,8,5,38.10%,
2840,Norwood R-2J Total,2840 All Job Catagories Totals,Small Rural,57,52,-5,32,25,20,43.86%,
2862,Julesburg Re-1,Adminstrators,Small Rural,3,3,0,3,0,0,0.00%,
2862,Julesburg Re-1,Crafts/Trades/Services,Small Rural,0,1,1,0,0,1,NA,
2862,Julesburg Re-1,Instructional Support,Small Rural,10,6,-4,6,4,0,40.00%,
2862,Julesburg Re-1,Office/Administrative Support,Small Rural,4,4,0,4,0,0,0.00%,
2862,Julesburg Re-1,Other Support/Special Service Providers,Small Rural,0,0,0,0,0,0,NA,
2862,Julesburg Re-1,Paraprofessional,Small Rural,8,10,2,8,0,2,0.00%,
2862,Julesburg Re-1,Principals,Small Rural,4,4,0,4,0,0,0.00%,
2862,Julesburg Re-1,Professional-Other,Small Rural,2,2,0,2,0,0,0.00%,
2862,Julesburg Re-1,Teachers,Small Rural,44,30,-14,26,18,4,40.91%,
2862,Julesburg Re-1 Total,2862 All Job Catagories Totals,Small Rural,75,60,-15,53,22,7,29.33%,
2865,Revere School District,Adminstrators,Small Rural,1,1,0,1,0,0,0.00%,
2865,Revere School District,Crafts/Trades/Services,Small Rural,2,2,0,2,0,0,0.00%,
2865,Revere School District,Instructional Support,Small Rural,1,0,-1,0,1,0,100.00%,
2865,Revere School District,Office/Administrative Support,Small Rural,1,1,0,1,0,0,0.00%,
2865,Revere School District,Other Support/Special Service Providers,Small Rural,0,0,0,0,0,0,NA,
2865,Revere School District,Paraprofessional,Small Rural,6,7,1,5,1,2,16.67%,
2865,Revere School District,Principals,Small Rural,1,1,0,0,1,1,100.00%,
2865,Revere School District,Professional-Other,Small Rural,1,1,0,1,0,0,0.00%,
2865,Revere School District,Teachers,Small Rural,18,18,0,16,2,2,11.11%,
2865,Revere School District Total,2865 All Job Catagories Totals,Small Rural,31,31,0,26,5,5,16.13%,
3000,Summit RE-1,Adminstrators,Rural,7,9,2,3,4,6,57.14%,
3000,Summit RE-1,Crafts/Trades/Services,Rural,66,73,7,45,21,28,31.82%,
3000,Summit RE-1,Instructional Support,Rural,31,41,10,21,10,20,32.26%,
3000,Summit RE-1,Office/Administrative Support,Rural,27,30,3,20,7,10,25.93%,
3000,Summit RE-1,Other Support/Special Service Providers,Rural,22,23,1,17,5,6,22.73%,
3000,Summit RE-1,Paraprofessional,Rural,48,56,8,24,24,32,50.00%,
3000,Summit RE-1,Principals,Rural,13,14,1,11,2,3,15.38%,
3000,Summit RE-1,Professional-Other,Rural,22,25,3,15,7,10,31.82%,
3000,Summit RE-1,Teachers,Rural,295,291,-4,239,56,52,18.98%,
3000,Summit RE-1 Total,3000 All Job Catagories Totals,Rural,531,562,31,395,136,167,25.61%,
3010,Cripple Creek-Victor RE-1,Adminstrators,Small Rural,1,1,0,1,0,0,0.00%,
3010,Cripple Creek-Victor RE-1,Crafts/Trades/Services,Small Rural,12,9,-3,8,4,1,33.33%,
3010,Cripple Creek-Victor RE-1,Instructional Support,Small Rural,7,11,4,6,1,5,14.29%,
3010,Cripple Creek-Victor RE-1,Office/Administrative Support,Small Rural,8,6,-2,4,4,2,50.00%,
3010,Cripple Creek-Victor RE-1,Other Support/Special Service Providers,Small Rural,2,3,1,0,2,3,100.00%,
3010,Cripple Creek-Victor RE-1,Paraprofessional,Small Rural,26,20,-6,13,13,7,50.00%,
3010,Cripple Creek-Victor RE-1,Principals,Small Rural,2,2,0,2,0,0,0.00%,
3010,Cripple Creek-Victor RE-1,Professional-Other,Small Rural,3,3,0,0,3,3,100.00%,
3010,Cripple Creek-Victor RE-1,Teachers,Small Rural,18,19,1,12,6,7,33.33%,
3010,Cripple Creek-Victor RE-1 Total,3010 All Job Catagories Totals,Small Rural,79,74,-5,46,33,28,41.77%,
3020,Woodland Park Re-2,Adminstrators,Rural,6,8,2,4,2,4,33.33%,
3020,Woodland Park Re-2,Crafts/Trades/Services,Rural,29,29,0,15,14,14,48.28%,
3020,Woodland Park Re-2,Instructional Support,Rural,21,24,3,11,10,13,47.62%,
3020,Woodland Park Re-2,Office/Administrative Support,Rural,25,26,1,21,4,5,16.00%,
3020,Woodland Park Re-2,Other Support/Special Service Providers,Rural,9,10,1,6,3,4,33.33%,
3020,Woodland Park Re-2,Paraprofessional,Rural,95,81,-14,48,47,33,49.47%,
3020,Woodland Park Re-2,Principals,Rural,7,7,0,2,5,5,71.43%,
3020,Woodland Park Re-2,Professional-Other,Rural,16,14,-2,11,5,3,31.25%,
3020,Woodland Park Re-2,Teachers,Rural,146,135,-11,98,48,37,32.88%,
3020,Woodland Park Re-2 Total,3020 All Job Catagories Totals,Rural,354,334,-20,216,138,118,38.98%,
3030,Akron R-1,Adminstrators,Small Rural,2,2,0,2,0,0,0.00%,
3030,Akron R-1,Crafts/Trades/Services,Small Rural,9,8,-1,7,2,1,22.22%,
3030,Akron R-1,Instructional Support,Small Rural,4,4,0,2,2,2,50.00%,
3030,Akron R-1,Office/Administrative Support,Small Rural,5,4,-1,4,1,0,20.00%,
3030,Akron R-1,Other Support/Special Service Providers,Small Rural,0,0,0,0,0,0,NA,
3030,Akron R-1,Paraprofessional,Small Rural,41,19,-22,13,28,6,68.29%,
3030,Akron R-1,Principals,Small Rural,2,2,0,2,0,0,0.00%,
3030,Akron R-1,Professional-Other,Small Rural,8,6,-2,6,2,0,25.00%,
3030,Akron R-1,Teachers,Small Rural,36,37,1,31,5,6,13.89%,
3030,Akron R-1 Total,3030 All Job Catagories Totals,Small Rural,107,82,-25,67,40,15,37.38%,
3040,Arickaree R-2,Adminstrators,Small Rural,1,1,0,1,0,0,0.00%,
3040,Arickaree R-2,Crafts/Trades/Services,Small Rural,2,1,-1,1,1,0,50.00%,
3040,Arickaree R-2,Instructional Support,Small Rural,0,0,0,0,0,0,NA,
3040,Arickaree R-2,Office/Administrative Support,Small Rural,3,3,0,3,0,0,0.00%,
3040,Arickaree R-2,Other Support/Special Service Providers,Small Rural,1,1,0,1,0,0,0.00%,
3040,Arickaree R-2,Paraprofessional,Small Rural,4,5,1,2,2,3,50.00%,
3040,Arickaree R-2,Principals,Small Rural,1,0,-1,0,1,0,100.00%,
3040,Arickaree R-2,Professional-Other,Small Rural,0,0,0,0,0,0,NA,
3040,Arickaree R-2,Teachers,Small Rural,13,10,-3,8,5,2,38.46%,
3040,Arickaree R-2 Total,3040 All Job Catagories Totals,Small Rural,25,21,-4,16,9,5,36.00%,
3050,Otis R-3,Adminstrators,Small Rural,1,1,0,0,1,1,100.00%,
3050,Otis R-3,Crafts/Trades/Services,Small Rural,7,6,-1,4,3,2,42.86%,
3050,Otis R-3,Instructional Support,Small Rural,3,6,3,2,1,4,33.33%,
3050,Otis R-3,Office/Administrative Support,Small Rural,3,4,1,3,0,1,0.00%,
3050,Otis R-3,Other Support/Special Service Providers,Small Rural,0,0,0,0,0,0,NA,
3050,Otis R-3,Paraprofessional,Small Rural,8,9,1,6,2,3,25.00%,
3050,Otis R-3,Principals,Small Rural,1,1,0,1,0,0,0.00%,
3050,Otis R-3,Professional-Other,Small Rural,2,2,0,2,0,0,0.00%,
3050,Otis R-3,Teachers,Small Rural,22,19,-3,16,6,3,27.27%,
3050,Otis R-3 Total,3050 All Job Catagories Totals,Small Rural,47,48,1,34,13,14,27.66%,
3060,Lone Star 101,Adminstrators,Small Rural,1,1,0,1,0,0,0.00%,
3060,Lone Star 101,Crafts/Trades/Services,Small Rural,6,7,1,6,0,1,0.00%,
3060,Lone Star 101,Instructional Support,Small Rural,2,1,-1,1,1,0,50.00%,
3060,Lone Star 101,Office/Administrative Support,Small Rural,1,1,0,1,0,0,0.00%,
3060,Lone Star 101,Other Support/Special Service Providers,Small Rural,0,0,0,0,0,0,NA,
3060,Lone Star 101,Paraprofessional,Small Rural,7,8,1,4,3,4,42.86%,
3060,Lone Star 101,Principals,Small Rural,1,0,-1,0,1,0,100.00%,
3060,Lone Star 101,Professional-Other,Small Rural,2,1,-1,0,2,1,100.00%,
3060,Lone Star 101,Teachers,Small Rural,13,13,0,10,3,3,23.08%,
3060,Lone Star 101 Total,3060 All Job Catagories Totals,Small Rural,33,32,-1,23,10,9,30.30%,
3070,Woodlin R-104,Adminstrators,Small Rural,1,1,0,0,1,1,100.00%,
3070,Woodlin R-104,Crafts/Trades/Services,Small Rural,9,10,1,9,0,1,0.00%,
3070,Woodlin R-104,Instructional Support,Small Rural,3,3,0,1,2,2,66.67%,
3070,Woodlin R-104,Office/Administrative Support,Small Rural,1,1,0,1,0,0,0.00%,
3070,Woodlin R-104,Other Support/Special Service Providers,Small Rural,0,0,0,0,0,0,NA,
3070,Woodlin R-104,Paraprofessional,Small Rural,7,9,2,4,3,5,42.86%,
3070,Woodlin R-104,Principals,Small Rural,1,0,-1,0,1,0,100.00%,
3070,Woodlin R-104,Professional-Other,Small Rural,2,1,-1,1,1,0,50.00%,
3070,Woodlin R-104,Teachers,Small Rural,12,11,-1,8,4,3,33.33%,
3070,Woodlin R-104 Total,3070 All Job Catagories Totals,Small Rural,36,36,0,24,12,12,33.33%,
3080,Weld County RE-1,Adminstrators,Rural,6,5,-1,4,2,1,33.33%,
3080,Weld County RE-1,Crafts/Trades/Services,Rural,59,55,-4,49,10,6,16.95%,
3080,Weld County RE-1,Instructional Support,Rural,21,19,-2,9,12,10,57.14%,
3080,Weld County RE-1,Office/Administrative Support,Rural,17,13,-4,11,6,2,35.29%,
3080,Weld County RE-1,Other Support/Special Service Providers,Rural,3,2,-1,1,2,1,66.67%,
3080,Weld County RE-1,Paraprofessional,Rural,55,43,-12,38,17,5,30.91%,
3080,Weld County RE-1,Principals,Rural,9,7,-2,4,5,3,55.56%,
3080,Weld County RE-1,Professional-Other,Rural,10,12,2,9,1,3,10.00%,
3080,Weld County RE-1,Teachers,Rural,154,130,-24,115,39,15,25.32%,
3080,Weld County RE-1 Total,3080 All Job Catagories Totals,Rural,334,286,-48,240,94,46,28.14%,
3085,Eaton RE-2,Adminstrators,Rural,3,4,1,3,0,1,0.00%,
3085,Eaton RE-2,Crafts/Trades/Services,Rural,39,43,4,36,3,7,7.69%,
3085,Eaton RE-2,Instructional Support,Rural,10,15,5,8,2,7,20.00%,
3085,Eaton RE-2,Office/Administrative Support,Rural,14,13,-1,12,2,1,14.29%,
3085,Eaton RE-2,Other Support/Special Service Providers,Rural,2,3,1,2,0,1,0.00%,
3085,Eaton RE-2,Paraprofessional,Rural,48,47,-1,35,13,12,27.08%,
3085,Eaton RE-2,Principals,Rural,10,10,0,10,0,0,0.00%,
3085,Eaton RE-2,Professional-Other,Rural,11,12,1,9,2,3,18.18%,
3085,Eaton RE-2,Teachers,Rural,131,128,-3,112,19,16,14.50%,
3085,Eaton RE-2 Total,3085 All Job Catagories Totals,Rural,268,275,7,227,41,48,15.30%,
3090,Weld County School District RE-3J,Adminstrators,Rural,7,8,1,7,0,1,0.00%,
3090,Weld County School District RE-3J,Crafts/Trades/Services,Rural,44,42,-2,36,8,6,18.18%,
3090,Weld County School District RE-3J,Instructional Support,Rural,14,13,-1,10,4,3,28.57%,
3090,Weld County School District RE-3J,Office/Administrative Support,Rural,22,24,2,19,3,5,13.64%,
3090,Weld County School District RE-3J,Other Support/Special Service Providers,Rural,12,17,5,11,1,6,8.33%,
3090,Weld County School District RE-3J,Paraprofessional,Rural,59,60,1,41,18,19,30.51%,
3090,Weld County School District RE-3J,Principals,Rural,11,13,2,11,0,2,0.00%,
3090,Weld County School District RE-3J,Professional-Other,Rural,9,8,-1,4,5,4,55.56%,
3090,Weld County School District RE-3J,Teachers,Rural,178,175,-3,153,25,22,14.04%,
3090,Weld County School District RE-3J Total,3090 All Job Catagories Totals,Rural,356,360,4,292,64,68,17.98%,
3100,Weld RE-4,Adminstrators,Non-Rural,21,21,0,19,2,2,9.52%,
3100,Weld RE-4,Crafts/Trades/Services,Non-Rural,160,184,24,127,33,57,20.63%,
3100,Weld RE-4,Instructional Support,Non-Rural,74,79,5,62,12,17,16.22%,
3100,Weld RE-4,Office/Administrative Support,Non-Rural,68,77,9,59,9,18,13.24%,
3100,Weld RE-4,Other Support/Special Service Providers,Non-Rural,33,35,2,29,4,6,12.12%,
3100,Weld RE-4,Paraprofessional,Non-Rural,198,220,22,137,61,83,30.81%,
3100,Weld RE-4,Principals,Non-Rural,32,33,1,29,3,4,9.38%,
3100,Weld RE-4,Professional-Other,Non-Rural,24,27,3,24,0,3,0.00%,
3100,Weld RE-4,Teachers,Non-Rural,512,531,19,438,74,93,14.45%,
3100,Weld RE-4 Total,3100 All Job Catagories Totals,Non-Rural,1122,1207,85,924,198,283,17.65%,
3110,Johnstown-Milliken RE-5J,Adminstrators,Rural,8,8,0,8,0,0,0.00%,
3110,Johnstown-Milliken RE-5J,Crafts/Trades/Services,Rural,27,54,27,23,4,31,14.81%,
3110,Johnstown-Milliken RE-5J,Instructional Support,Rural,24,27,3,22,2,5,8.33%,
3110,Johnstown-Milliken RE-5J,Office/Administrative Support,Rural,26,25,-1,23,3,2,11.54%,
3110,Johnstown-Milliken RE-5J,Other Support/Special Service Providers,Rural,20,21,1,15,5,6,25.00%,
3110,Johnstown-Milliken RE-5J,Paraprofessional,Rural,81,87,6,59,22,28,27.16%,
3110,Johnstown-Milliken RE-5J,Principals,Rural,17,19,2,16,1,3,5.88%,
3110,Johnstown-Milliken RE-5J,Professional-Other,Rural,9,13,4,9,0,4,0.00%,
3110,Johnstown-Milliken RE-5J,Teachers,Rural,229,236,7,198,31,38,13.54%,
3110,Johnstown-Milliken RE-5J Total,3110 All Job Catagories Totals,Rural,441,490,49,373,68,117,15.42%,
3120,Greeley 6,Adminstrators,Non-Rural,66,72,6,54,12,18,18.18%,
3120,Greeley 6,Crafts/Trades/Services,Non-Rural,439,505,66,385,54,120,12.30%,
3120,Greeley 6,Instructional Support,Non-Rural,206,193,-13,152,54,41,26.21%,
3120,Greeley 6,Office/Administrative Support,Non-Rural,126,130,4,104,22,26,17.46%,
3120,Greeley 6,Other Support/Special Service Providers,Non-Rural,129,124,-5,109,20,15,15.50%,
3120,Greeley 6,Paraprofessional,Non-Rural,464,428,-36,281,183,147,39.44%,
3120,Greeley 6,Principals,Non-Rural,91,86,-5,75,16,11,17.58%,
3120,Greeley 6,Professional-Other,Non-Rural,123,118,-5,101,22,17,17.89%,
3120,Greeley 6,Teachers,Non-Rural,1291,1271,-20,1086,205,185,15.88%,
3120,Greeley 6 Total,3120 All Job Catagories Totals,Non-Rural,2935,2927,-8,2347,588,580,20.03%,
3130,Platte Valley RE-7,Adminstrators,Rural,3,3,0,3,0,0,0.00%,
3130,Platte Valley RE-7,Crafts/Trades/Services,Rural,25,22,-3,19,6,3,24.00%,
3130,Platte Valley RE-7,Instructional Support,Rural,7,6,-1,5,2,1,28.57%,
3130,Platte Valley RE-7,Office/Administrative Support,Rural,11,11,0,9,2,2,18.18%,
3130,Platte Valley RE-7,Other Support/Special Service Providers,Rural,3,3,0,2,1,1,33.33%,
3130,Platte Valley RE-7,Paraprofessional,Rural,29,33,4,18,11,15,37.93%,
3130,Platte Valley RE-7,Principals,Rural,6,6,0,5,1,1,16.67%,
3130,Platte Valley RE-7,Professional-Other,Rural,4,4,0,4,0,0,0.00%,
3130,Platte Valley RE-7,Teachers,Rural,82,83,1,76,6,7,7.32%,
3130,Platte Valley RE-7 Total,3130 All Job Catagories Totals,Rural,170,171,1,141,29,30,17.06%,
3140,Weld Re-8 Schools,Adminstrators,Rural,7,7,0,5,2,2,28.57%,
3140,Weld Re-8 Schools,Crafts/Trades/Services,Rural,43,44,1,37,6,7,13.95%,
3140,Weld Re-8 Schools,Instructional Support,Rural,17,18,1,14,3,4,17.65%,
3140,Weld Re-8 Schools,Office/Administrative Support,Rural,10,10,0,6,4,4,40.00%,
3140,Weld Re-8 Schools,Other Support/Special Service Providers,Rural,12,14,2,9,3,5,25.00%,
3140,Weld Re-8 Schools,Paraprofessional,Rural,75,83,8,62,13,21,17.33%,
3140,Weld Re-8 Schools,Principals,Rural,10,9,-1,8,2,1,20.00%,
3140,Weld Re-8 Schools,Professional-Other,Rural,27,23,-4,18,9,5,33.33%,
3140,Weld Re-8 Schools,Teachers,Rural,143,149,6,110,33,39,23.08%,
3140,Weld Re-8 Schools Total,3140 All Job Catagories Totals,Rural,344,357,13,269,75,88,21.80%,
3145,Ault-Highland RE-9,Adminstrators,Small Rural,6,4,-2,2,4,2,66.67%,
3145,Ault-Highland RE-9,Crafts/Trades/Services,Small Rural,30,32,2,23,7,9,23.33%,
3145,Ault-Highland RE-9,Instructional Support,Small Rural,4,3,-1,2,2,1,50.00%,
3145,Ault-Highland RE-9,Office/Administrative Support,Small Rural,8,8,0,6,2,2,25.00%,
3145,Ault-Highland RE-9,Other Support/Special Service Providers,Small Rural,1,1,0,1,0,0,0.00%,
3145,Ault-Highland RE-9,Paraprofessional,Small Rural,26,30,4,18,8,12,30.77%,
3145,Ault-Highland RE-9,Principals,Small Rural,5,5,0,5,0,0,0.00%,
3145,Ault-Highland RE-9,Professional-Other,Small Rural,4,4,0,4,0,0,0.00%,
3145,Ault-Highland RE-9,Teachers,Small Rural,69,64,-5,53,16,11,23.19%,
3145,Ault-Highland RE-9 Total,3145 All Job Catagories Totals,Small Rural,153,151,-2,114,39,37,25.49%,
3146,Briggsdale RE-10,Adminstrators,Small Rural,5,2,-3,2,3,0,60.00%,
3146,Briggsdale RE-10,Crafts/Trades/Services,Small Rural,13,11,-2,9,4,2,30.77%,
3146,Briggsdale RE-10,Instructional Support,Small Rural,0,0,0,0,0,0,NA,
3146,Briggsdale RE-10,Office/Administrative Support,Small Rural,2,2,0,2,0,0,0.00%,
3146,Briggsdale RE-10,Other Support/Special Service Providers,Small Rural,0,0,0,0,0,0,NA,
3146,Briggsdale RE-10,Paraprofessional,Small Rural,9,6,-3,6,3,0,33.33%,
3146,Briggsdale RE-10,Principals,Small Rural,1,1,0,1,0,0,0.00%,
3146,Briggsdale RE-10,Professional-Other,Small Rural,1,1,0,1,0,0,0.00%,
3146,Briggsdale RE-10,Teachers,Small Rural,22,19,-3,18,4,1,18.18%,
3146,Briggsdale RE-10 Total,3146 All Job Catagories Totals,Small Rural,53,42,-11,39,14,3,26.42%,
3147,Prairie RE-11,Adminstrators,Small Rural,2,2,0,2,0,0,0.00%,
3147,Prairie RE-11,Crafts/Trades/Services,Small Rural,6,6,0,4,2,2,33.33%,
3147,Prairie RE-11,Instructional Support,Small Rural,2,1,-1,1,1,0,50.00%,
3147,Prairie RE-11,Office/Administrative Support,Small Rural,0,1,1,0,0,1,NA,
3147,Prairie RE-11,Other Support/Special Service Providers,Small Rural,0,0,0,0,0,0,NA,
3147,Prairie RE-11,Paraprofessional,Small Rural,1,2,1,1,0,1,0.00%,
3147,Prairie RE-11,Principals,Small Rural,0,1,1,0,0,1,NA,
3147,Prairie RE-11,Professional-Other,Small Rural,1,1,0,1,0,0,0.00%,
3147,Prairie RE-11,Teachers,Small Rural,19,18,-1,13,6,5,31.58%,
3147,Prairie RE-11 Total,3147 All Job Catagories Totals,Small Rural,31,32,1,22,9,10,29.03%,
3148,Pawnee RE-12,Adminstrators,Small Rural,1,1,0,1,0,0,0.00%,
3148,Pawnee RE-12,Crafts/Trades/Services,Small Rural,6,5,-1,5,1,0,16.67%,
3148,Pawnee RE-12,Instructional Support,Small Rural,1,2,1,0,1,2,100.00%,
3148,Pawnee RE-12,Office/Administrative Support,Small Rural,2,2,0,2,0,0,0.00%,
3148,Pawnee RE-12,Other Support/Special Service Providers,Small Rural,0,0,0,0,0,0,NA,
3148,Pawnee RE-12,Paraprofessional,Small Rural,1,1,0,1,0,0,0.00%,
3148,Pawnee RE-12,Principals,Small Rural,0,0,0,0,0,0,NA,
3148,Pawnee RE-12,Professional-Other,Small Rural,1,2,1,1,0,1,0.00%,
3148,Pawnee RE-12,Teachers,Small Rural,15,11,-4,7,8,4,53.33%,
3148,Pawnee RE-12 Total,3148 All Job Catagories Totals,Small Rural,27,24,-3,17,10,7,37.04%,
3200,Yuma 1,Adminstrators,Small Rural,2,2,0,2,0,0,0.00%,
3200,Yuma 1,Crafts/Trades/Services,Small Rural,20,20,0,16,4,4,20.00%,
3200,Yuma 1,Instructional Support,Small Rural,2,2,0,2,0,0,0.00%,
3200,Yuma 1,Office/Administrative Support,Small Rural,12,12,0,11,1,1,8.33%,
3200,Yuma 1,Other Support/Special Service Providers,Small Rural,1,1,0,1,0,0,0.00%,
3200,Yuma 1,Paraprofessional,Small Rural,24,27,3,18,6,9,25.00%,
3200,Yuma 1,Principals,Small Rural,5,5,0,5,0,0,0.00%,
3200,Yuma 1,Professional-Other,Small Rural,3,4,1,3,0,1,0.00%,
3200,Yuma 1,Teachers,Small Rural,61,62,1,53,8,9,13.11%,
3200,Yuma 1 Total,3200 All Job Catagories Totals,Small Rural,130,135,5,111,19,24,14.62%,
3210,Wray RD-2,Adminstrators,Small Rural,1,1,0,1,0,0,0.00%,
3210,Wray RD-2,Crafts/Trades/Services,Small Rural,26,27,1,21,5,6,19.23%,
3210,Wray RD-2,Instructional Support,Small Rural,3,5,2,3,0,2,0.00%,
3210,Wray RD-2,Office/Administrative Support,Small Rural,7,7,0,6,1,1,14.29%,
3210,Wray RD-2,Other Support/Special Service Providers,Small Rural,0,0,0,0,0,0,NA,
3210,Wray RD-2,Paraprofessional,Small Rural,28,28,0,23,5,5,17.86%,
3210,Wray RD-2,Principals,Small Rural,4,4,0,3,1,1,25.00%,
3210,Wray RD-2,Professional-Other,Small Rural,6,6,0,5,1,1,16.67%,
3210,Wray RD-2,Teachers,Small Rural,50,49,-1,39,11,10,22.00%,
3210,Wray RD-2 Total,3210 All Job Catagories Totals,Small Rural,125,127,2,101,24,26,19.20%,
3220,Idalia RJ-3,Adminstrators,Small Rural,1,1,0,1,0,0,0.00%,
3220,Idalia RJ-3,Crafts/Trades/Services,Small Rural,9,10,1,9,0,1,0.00%,
3220,Idalia RJ-3,Instructional Support,Small Rural,1,1,0,1,0,0,0.00%,
3220,Idalia RJ-3,Office/Administrative Support,Small Rural,3,3,0,3,0,0,0.00%,
3220,Idalia RJ-3,Other Support/Special Service Providers,Small Rural,0,0,0,0,0,0,NA,
3220,Idalia RJ-3,Paraprofessional,Small Rural,4,4,0,3,1,1,25.00%,
3220,Idalia RJ-3,Principals,Small Rural,2,1,-1,1,1,0,50.00%,
3220,Idalia RJ-3,Professional-Other,Small Rural,1,1,0,1,0,0,0.00%,
3220,Idalia RJ-3,Teachers,Small Rural,18,16,-2,13,5,3,27.78%,
3220,Idalia RJ-3 Total,3220 All Job Catagories Totals,Small Rural,39,37,-2,32,7,5,17.95%,
3230,Liberty J-4,Adminstrators,Small Rural,1,1,0,1,0,0,0.00%,
3230,Liberty J-4,Crafts/Trades/Services,Small Rural,2,2,0,1,1,1,50.00%,
3230,Liberty J-4,Instructional Support,Small Rural,2,2,0,2,0,0,0.00%,
3230,Liberty J-4,Office/Administrative Support,Small Rural,2,2,0,2,0,0,0.00%,
3230,Liberty J-4,Other Support/Special Service Providers,Small Rural,0,0,0,0,0,0,NA,
3230,Liberty J-4,Paraprofessional,Small Rural,1,1,0,1,0,0,0.00%,
3230,Liberty J-4,Principals,Small Rural,0,0,0,0,0,0,NA,
3230,Liberty J-4,Professional-Other,Small Rural,0,0,0,0,0,0,NA,
3230,Liberty J-4,Teachers,Small Rural,14,12,-2,11,3,1,21.43%,
3230,Liberty J-4 Total,3230 All Job Catagories Totals,Small Rural,22,20,-2,18,4,2,18.18%,
8001,Charter School Institute,Adminstrators,Non-Rural,74,73,-1,51,23,22,31.08%,
8001,Charter School Institute,Crafts/Trades/Services,Non-Rural,157,161,4,99,58,62,36.94%,
8001,Charter School Institute,Instructional Support,Non-Rural,195,203,8,142,53,61,27.18%,
8001,Charter School Institute,Office/Administrative Support,Non-Rural,175,155,-20,111,64,44,36.57%,
8001,Charter School Institute,Other Support/Special Service Providers,Non-Rural,106,116,10,65,41,51,38.68%,
8001,Charter School Institute,Paraprofessional,Non-Rural,482,528,46,272,210,256,43.57%,
8001,Charter School Institute,Principals,Non-Rural,97,86,-11,63,34,23,35.05%,
8001,Charter School Institute,Professional-Other,Non-Rural,176,179,3,102,74,77,42.05%,
8001,Charter School Institute,Teachers,Non-Rural,1228,1234,6,841,387,393,31.51%,
8001,Charter School Institute Total,8001 All Job Catagories Totals,Non-Rural,2690,2735,45,1746,944,989,35.09%,
8104,Division of Youth Services,Adminstrators,,0,0,0,0,0,0,NA,
8104,Division of Youth Services,Crafts/Trades/Services,,0,0,0,0,0,0,NA,
8104,Division of Youth Services,Instructional Support,,0,0,0,0,0,0,NA,
8104,Division of Youth Services,Office/Administrative Support,,4,2,-2,2,2,0,50.00%,
8104,Division of Youth Services,Other Support/Special Service Providers,,0,0,0,0,0,0,NA,
8104,Division of Youth Services,Paraprofessional,,6,4,-2,3,3,1,50.00%,
8104,Division of Youth Services,Principals,,6,4,-2,4,2,0,33.33%,
8104,Division of Youth Services,Professional-Other,,1,1,0,1,0,0,0.00%,
8104,Division of Youth Services,Teachers,,24,21,-3,14,10,7,41.67%,
8104,Division of Youth Services Total,8104 All Job Catagories Totals,,41,32,-9,24,17,8,41.46%,
9000,Colorado School for the Deaf and Blind,Adminstrators,,2,2,0,2,0,0,0.00%,
9000,Colorado School for the Deaf and Blind,Crafts/Trades/Services,,16,13,-3,12,4,1,25.00%,
9000,Colorado School for the Deaf and Blind,Instructional Support,,6,8,2,5,1,3,16.67%,
9000,Colorado School for the Deaf and Blind,Office/Administrative Support,,20,17,-3,15,5,2,25.00%,
9000,Colorado School for the Deaf and Blind,Other Support/Special Service Providers,,18,17,-1,16,2,1,11.11%,
9000,Colorado School for the Deaf and Blind,Paraprofessional,,34,31,-3,29,5,2,14.71%,
9000,Colorado School for the Deaf and Blind,Principals,,2,2,0,2,0,0,0.00%,
9000,Colorado School for the Deaf and Blind,Professional-Other,,35,40,5,34,1,6,2.86%,
9000,Colorado School for the Deaf and Blind,Teachers,,35,32,-3,22,13,10,37.14%,
9000,Colorado School for the Deaf and Blind Total,9000 All Job Catagories Totals,,168,162,-6,137,31,25,18.45%,
9025,East Central BOCES,Adminstrators,BOCES,6,6,0,6,0,0,0.00%,
9025,East Central BOCES,Crafts/Trades/Services,BOCES,1,1,0,1,0,0,0.00%,
9025,East Central BOCES,Instructional Support,BOCES,2,3,1,2,0,1,0.00%,
9025,East Central BOCES,Office/Administrative Support,BOCES,1,1,0,1,0,0,0.00%,
9025,East Central BOCES,Other Support/Special Service Providers,BOCES,30,38,8,27,3,11,10.00%,
9025,East Central BOCES,Paraprofessional,BOCES,37,37,0,26,11,11,29.73%,
9025,East Central BOCES,Principals,BOCES,0,0,0,0,0,0,NA,
9025,East Central BOCES,Professional-Other,BOCES,16,17,1,16,0,1,0.00%,
9025,East Central BOCES,Teachers,BOCES,12,14,2,9,3,5,25.00%,
9025,East Central BOCES Total,9025 All Job Catagories Totals,BOCES,105,117,12,88,17,29,16.19%,
9030,Mountain BOCES,Adminstrators,BOCES,4,5,1,4,0,1,0.00%,
9030,Mountain BOCES,Crafts/Trades/Services,BOCES,0,0,0,0,0,0,NA,
9030,Mountain BOCES,Instructional Support,BOCES,6,11,5,6,0,5,0.00%,
9030,Mountain BOCES,Office/Administrative Support,BOCES,1,1,0,0,1,1,100.00%,
9030,Mountain BOCES,Other Support/Special Service Providers,BOCES,1,1,0,1,0,0,0.00%,
9030,Mountain BOCES,Paraprofessional,BOCES,1,1,0,1,0,0,0.00%,
9030,Mountain BOCES,Principals,BOCES,0,0,0,0,0,0,NA,
9030,Mountain BOCES,Professional-Other,BOCES,6,8,2,3,3,5,50.00%,
9030,Mountain BOCES,Teachers,BOCES,0,0,0,0,0,0,NA,
9030,Mountain BOCES Total,9030 All Job Catagories Totals,BOCES,19,27,8,15,4,12,21.05%,
9035,Centennial BOCES,Adminstrators,BOCES,9,9,0,9,0,0,0.00%,
9035,Centennial BOCES,Crafts/Trades/Services,BOCES,1,0,-1,0,1,0,100.00%,
9035,Centennial BOCES,Instructional Support,BOCES,1,1,0,1,0,0,0.00%,
9035,Centennial BOCES,Office/Administrative Support,BOCES,13,12,-1,11,2,1,15.38%,
9035,Centennial BOCES,Other Support/Special Service Providers,BOCES,28,26,-2,21,7,5,25.00%,
9035,Centennial BOCES,Paraprofessional,BOCES,34,35,1,25,9,10,26.47%,
9035,Centennial BOCES,Principals,BOCES,1,1,0,1,0,0,0.00%,
9035,Centennial BOCES,Professional-Other,BOCES,15,15,0,14,1,1,6.67%,
9035,Centennial BOCES,Teachers,BOCES,14,13,-1,11,3,2,21.43%,
9035,Centennial BOCES Total,9035 All Job Catagories Totals,BOCES,116,112,-4,93,23,19,19.83%,
9040,Northeast BOCES,Adminstrators,BOCES,2,2,0,2,0,0,0.00%,
9040,Northeast BOCES,Crafts/Trades/Services,BOCES,0,0,0,0,0,0,NA,
9040,Northeast BOCES,Instructional Support,BOCES,4,4,0,3,1,1,25.00%,
9040,Northeast BOCES,Office/Administrative Support,BOCES,7,6,-1,5,2,1,28.57%,
9040,Northeast BOCES,Other Support/Special Service Providers,BOCES,24,26,2,19,5,7,20.83%,
9040,Northeast BOCES,Paraprofessional,BOCES,10,10,0,8,2,2,20.00%,
9040,Northeast BOCES,Principals,BOCES,0,0,0,0,0,0,NA,
9040,Northeast BOCES,Professional-Other,BOCES,12,15,3,12,0,3,0.00%,
9040,Northeast BOCES,Teachers,BOCES,4,5,1,4,0,1,0.00%,
9040,Northeast BOCES Total,9040 All Job Catagories Totals,BOCES,63,68,5,53,10,15,15.87%,
9045,Pikes Peak BOCES,Adminstrators,BOCES,5,4,-1,3,2,1,40.00%,
9045,Pikes Peak BOCES,Crafts/Trades/Services,BOCES,1,4,3,1,0,3,0.00%,
9045,Pikes Peak BOCES,Instructional Support,BOCES,4,4,0,4,0,0,0.00%,
9045,Pikes Peak BOCES,Office/Administrative Support,BOCES,5,6,1,4,1,2,20.00%,
9045,Pikes Peak BOCES,Other Support/Special Service Providers,BOCES,6,36,30,3,3,33,50.00%,
9045,Pikes Peak BOCES,Paraprofessional,BOCES,43,54,11,16,27,38,62.79%,
9045,Pikes Peak BOCES,Principals,BOCES,1,1,0,1,0,0,0.00%,
9045,Pikes Peak BOCES,Professional-Other,BOCES,8,25,17,5,3,20,37.50%,
9045,Pikes Peak BOCES,Teachers,BOCES,5,8,3,2,3,6,60.00%,
9045,Pikes Peak BOCES Total,9045 All Job Catagories Totals,BOCES,78,142,64,39,39,103,50.00%,
9050,San Juan BOCES,Adminstrators,BOCES,6,7,1,5,1,2,16.67%,
9050,San Juan BOCES,Crafts/Trades/Services,BOCES,0,0,0,0,0,0,NA,
9050,San Juan BOCES,Instructional Support,BOCES,2,3,1,2,0,1,0.00%,
9050,San Juan BOCES,Office/Administrative Support,BOCES,6,5,-1,4,2,1,33.33%,
9050,San Juan BOCES,Other Support/Special Service Providers,BOCES,46,41,-5,33,13,8,28.26%,
9050,San Juan BOCES,Paraprofessional,BOCES,8,8,0,4,4,4,50.00%,
9050,San Juan BOCES,Principals,BOCES,1,1,0,1,0,0,0.00%,
9050,San Juan BOCES,Professional-Other,BOCES,15,13,-2,13,2,0,13.33%,
9050,San Juan BOCES,Teachers,BOCES,27,7,-20,6,21,1,77.78%,
9050,San Juan BOCES Total,9050 All Job Catagories Totals,BOCES,111,85,-26,68,43,17,38.74%,
9055,San Luis Valley BOCES,Adminstrators,BOCES,1,2,1,1,0,1,0.00%,
9055,San Luis Valley BOCES,Crafts/Trades/Services,BOCES,0,0,0,0,0,0,NA,
9055,San Luis Valley BOCES,Instructional Support,BOCES,3,2,-1,1,2,1,66.67%,
9055,San Luis Valley BOCES,Office/Administrative Support,BOCES,5,4,-1,3,2,1,40.00%,
9055,San Luis Valley BOCES,Other Support/Special Service Providers,BOCES,21,19,-2,13,8,6,38.10%,
9055,San Luis Valley BOCES,Paraprofessional,BOCES,50,44,-6,33,17,11,34.00%,
9055,San Luis Valley BOCES,Principals,BOCES,0,0,0,0,0,0,NA,
9055,San Luis Valley BOCES,Professional-Other,BOCES,10,10,0,8,2,2,20.00%,
9055,San Luis Valley BOCES,Teachers,BOCES,14,12,-2,7,7,5,50.00%,
9055,San Luis Valley BOCES Total,9055 All Job Catagories Totals,BOCES,104,93,-11,66,38,27,36.54%,
9060,South Central BOCES,Adminstrators,BOCES,5,2,-3,2,3,0,60.00%,
9060,South Central BOCES,Crafts/Trades/Services,BOCES,0,0,0,0,0,0,NA,
9060,South Central BOCES,Instructional Support,BOCES,3,1,-2,0,3,1,100.00%,
9060,South Central BOCES,Office/Administrative Support,BOCES,2,2,0,2,0,0,0.00%,
9060,South Central BOCES,Other Support/Special Service Providers,BOCES,16,16,0,14,2,2,12.50%,
9060,South Central BOCES,Paraprofessional,BOCES,6,6,0,4,2,2,33.33%,
9060,South Central BOCES,Principals,BOCES,0,0,0,0,0,0,NA,
9060,South Central BOCES,Professional-Other,BOCES,8,9,1,5,3,4,37.50%,
9060,South Central BOCES,Teachers,BOCES,3,3,0,2,1,1,33.33%,
9060,South Central BOCES Total,9060 All Job Catagories Totals,BOCES,43,39,-4,29,14,10,32.56%,
9075,Southeastern BOCES,Adminstrators,BOCES,2,2,0,2,0,0,0.00%,
9075,Southeastern BOCES,Crafts/Trades/Services,BOCES,0,0,0,0,0,0,NA,
9075,Southeastern BOCES,Instructional Support,BOCES,2,1,-1,1,1,0,50.00%,
9075,Southeastern BOCES,Office/Administrative Support,BOCES,3,3,0,3,0,0,0.00%,
9075,Southeastern BOCES,Other Support/Special Service Providers,BOCES,16,14,-2,11,5,3,31.25%,
9075,Southeastern BOCES,Paraprofessional,BOCES,12,11,-1,10,2,1,16.67%,
9075,Southeastern BOCES,Principals,BOCES,0,0,0,0,0,0,NA,
9075,Southeastern BOCES,Professional-Other,BOCES,7,6,-1,6,1,0,14.29%,
9075,Southeastern BOCES,Teachers,BOCES,1,1,0,1,0,0,0.00%,
9075,Southeastern BOCES Total,9075 All Job Catagories Totals,BOCES,43,38,-5,34,9,4,20.93%,
9095,Northwest Colo BOCES,Adminstrators,BOCES,1,3,2,1,0,2,0.00%,
9095,Northwest Colo BOCES,Crafts/Trades/Services,BOCES,0,0,0,0,0,0,NA,
9095,Northwest Colo BOCES,Instructional Support,BOCES,7,6,-1,3,4,3,57.14%,
9095,Northwest Colo BOCES,Office/Administrative Support,BOCES,3,3,0,3,0,0,0.00%,
9095,Northwest Colo BOCES,Other Support/Special Service Providers,BOCES,13,14,1,12,1,2,7.69%,
9095,Northwest Colo BOCES,Paraprofessional,BOCES,1,1,0,0,1,1,100.00%,
9095,Northwest Colo BOCES,Principals,BOCES,0,0,0,0,0,0,NA,
9095,Northwest Colo BOCES,Professional-Other,BOCES,7,3,-4,3,4,0,57.14%,
9095,Northwest Colo BOCES,Teachers,BOCES,0,0,0,0,0,0,NA,
9095,Northwest Colo BOCES Total,9095 All Job Catagories Totals,BOCES,32,30,-2,22,10,8,31.25%,
9120,Adams County BOCES,Adminstrators,BOCES,1,1,0,1,0,0,0.00%,
9120,Adams County BOCES,Crafts/Trades/Services,BOCES,0,0,0,0,0,0,NA,
9120,Adams County BOCES,Instructional Support,BOCES,0,0,0,0,0,0,NA,
9120,Adams County BOCES,Office/Administrative Support,BOCES,0,0,0,0,0,0,NA,
9120,Adams County BOCES,Other Support/Special Service Providers,BOCES,0,0,0,0,0,0,NA,
9120,Adams County BOCES,Paraprofessional,BOCES,0,0,0,0,0,0,NA,
9120,Adams County BOCES,Principals,BOCES,0,0,0,0,0,0,NA,
9120,Adams County BOCES,Professional-Other,BOCES,3,3,0,3,0,0,0.00%,
9120,Adams County BOCES,Teachers,BOCES,0,0,0,0,0,0,NA,
9120,Adams County BOCES Total,9120 All Job Catagories Totals,BOCES,4,4,0,4,0,0,0.00%,
9125,Rio Blanco BOCES,Adminstrators,BOCES,1,1,0,1,0,0,0.00%,
9125,Rio Blanco BOCES,Crafts/Trades/Services,BOCES,0,0,0,0,0,0,NA,
9125,Rio Blanco BOCES,Instructional Support,BOCES,0,0,0,0,0,0,NA,
9125,Rio Blanco BOCES,Office/Administrative Support,BOCES,2,2,0,2,0,0,0.00%,
9125,Rio Blanco BOCES,Other Support/Special Service Providers,BOCES,5,5,0,3,2,2,40.00%,
9125,Rio Blanco BOCES,Paraprofessional,BOCES,3,3,0,3,0,0,0.00%,
9125,Rio Blanco BOCES,Principals,BOCES,0,0,0,0,0,0,NA,
9125,Rio Blanco BOCES,Professional-Other,BOCES,2,2,0,2,0,0,0.00%,
9125,Rio Blanco BOCES,Teachers,BOCES,0,0,0,0,0,0,NA,
9125,Rio Blanco BOCES Total,9125 All Job Catagories Totals,BOCES,13,13,0,11,2,2,15.38%,
9130,Expeditionary BOCES,Adminstrators,BOCES,4,3,-1,1,3,2,75.00%,
9130,Expeditionary BOCES,Crafts/Trades/Services,BOCES,1,1,0,0,1,1,100.00%,
9130,Expeditionary BOCES,Instructional Support,BOCES,2,2,0,1,1,1,50.00%,
9130,Expeditionary BOCES,Office/Administrative Support,BOCES,2,2,0,0,2,2,100.00%,
9130,Expeditionary BOCES,Other Support/Special Service Providers,BOCES,1,1,0,0,1,1,100.00%,
9130,Expeditionary BOCES,Paraprofessional,BOCES,3,2,-1,1,2,1,66.67%,
9130,Expeditionary BOCES,Principals,BOCES,1,1,0,0,1,1,100.00%,
9130,Expeditionary BOCES,Professional-Other,BOCES,1,1,0,0,1,1,100.00%,
9130,Expeditionary BOCES,Teachers,BOCES,26,24,-2,17,9,7,34.62%,
9130,Expeditionary BOCES Total,9130 All Job Catagories Totals,BOCES,41,37,-4,20,21,17,51.22%,
9135,Grand Valley BOCES,Adminstrators,BOCES,0,0,0,0,0,0,NA,
9135,Grand Valley BOCES,Crafts/Trades/Services,BOCES,4,3,-1,2,2,1,50.00%,
9135,Grand Valley BOCES,Instructional Support,BOCES,0,0,0,0,0,0,NA,
9135,Grand Valley BOCES,Office/Administrative Support,BOCES,1,1,0,1,0,0,0.00%,
9135,Grand Valley BOCES,Other Support/Special Service Providers,BOCES,0,0,0,0,0,0,NA,
9135,Grand Valley BOCES,Paraprofessional,BOCES,0,0,0,0,0,0,NA,
9135,Grand Valley BOCES,Principals,BOCES,0,0,0,0,0,0,NA,
9135,Grand Valley BOCES,Professional-Other,BOCES,0,0,0,0,0,0,NA,
9135,Grand Valley BOCES,Teachers,BOCES,0,0,0,0,0,0,NA,
9135,Grand Valley BOCES Total,9135 All Job Catagories Totals,BOCES,5,4,-1,3,2,1,40.00%,
9140,Blue Sky BOCES,Adminstrators,BOCES,1,1,0,1,0,0,0.00%,
9140,Blue Sky BOCES,Crafts/Trades/Services,BOCES,0,0,0,0,0,0,NA,
9140,Blue Sky BOCES,Instructional Support,BOCES,1,1,0,1,0,0,0.00%,
9140,Blue Sky BOCES,Office/Administrative Support,BOCES,0,0,0,0,0,0,NA,
9140,Blue Sky BOCES,Other Support/Special Service Providers,BOCES,12,10,-2,7,5,3,41.67%,
9140,Blue Sky BOCES,Paraprofessional,BOCES,2,9,7,2,0,7,0.00%,
9140,Blue Sky BOCES,Principals,BOCES,0,0,0,0,0,0,NA,
9140,Blue Sky BOCES,Professional-Other,BOCES,5,5,0,3,2,2,40.00%,
9140,Blue Sky BOCES,Teachers,BOCES,7,7,0,5,2,2,28.57%,
9140,Blue Sky BOCES Total,9140 All Job Catagories Totals,BOCES,28,33,5,19,9,14,32.14%,
9145,Uncompahgre BOCES,Adminstrators,BOCES,1,1,0,1,0,0,0.00%,
9145,Uncompahgre BOCES,Crafts/Trades/Services,BOCES,0,0,0,0,0,0,NA,
9145,Uncompahgre BOCES,Instructional Support,BOCES,2,2,0,2,0,0,0.00%,
9145,Uncompahgre BOCES,Office/Administrative Support,BOCES,1,1,0,1,0,0,0.00%,
9145,Uncompahgre BOCES,Other Support/Special Service Providers,BOCES,13,12,-1,10,3,2,23.08%,
9145,Uncompahgre BOCES,Paraprofessional,BOCES,1,0,-1,0,1,0,100.00%,
9145,Uncompahgre BOCES,Principals,BOCES,0,0,0,0,0,0,NA,
9145,Uncompahgre BOCES,Professional-Other,BOCES,5,4,-1,4,1,0,20.00%,
9145,Uncompahgre BOCES,Teachers,BOCES,3,1,-2,1,2,0,66.67%,
9145,Uncompahgre BOCES Total,9145 All Job Catagories Totals,BOCES,26,21,-5,19,7,2,26.92%,
9150,Santa Fe Trail BOCES,Adminstrators,BOCES,1,1,0,1,0,0,0.00%,
9150,Santa Fe Trail BOCES,Crafts/Trades/Services,BOCES,1,0,-1,0,1,0,100.00%,
9150,Santa Fe Trail BOCES,Instructional Support,BOCES,5,5,0,4,1,1,20.00%,
9150,Santa Fe Trail BOCES,Office/Administrative Support,BOCES,2,2,0,2,0,0,0.00%,
9150,Santa Fe Trail BOCES,Other Support/Special Service Providers,BOCES,8,8,0,8,0,0,0.00%,
9150,Santa Fe Trail BOCES,Paraprofessional,BOCES,10,13,3,8,2,5,20.00%,
9150,Santa Fe Trail BOCES,Principals,BOCES,1,1,0,1,0,0,0.00%,
9150,Santa Fe Trail BOCES,Professional-Other,BOCES,6,6,0,5,1,1,16.67%,
9150,Santa Fe Trail BOCES,Teachers,BOCES,3,3,0,3,0,0,0.00%,
9150,Santa Fe Trail BOCES Total,9150 All Job Catagories Totals,BOCES,37,39,2,32,5,7,13.51%,
9165,Ute Pass BOCES,Adminstrators,BOCES,2,2,0,1,1,1,50.00%,
9165,Ute Pass BOCES,Crafts/Trades/Services,BOCES,0,0,0,0,0,0,NA,
9165,Ute Pass BOCES,Instructional Support,BOCES,1,2,1,1,0,1,0.00%,
9165,Ute Pass BOCES,Office/Administrative Support,BOCES,0,0,0,0,0,0,NA,
9165,Ute Pass BOCES,Other Support/Special Service Providers,BOCES,13,9,-4,7,6,2,46.15%,
9165,Ute Pass BOCES,Paraprofessional,BOCES,4,5,1,1,3,4,75.00%,
9165,Ute Pass BOCES,Principals,BOCES,0,0,0,0,0,0,NA,
9165,Ute Pass BOCES,Professional-Other,BOCES,4,4,0,3,1,1,25.00%,
9165,Ute Pass BOCES,Teachers,BOCES,3,3,0,2,1,1,33.33%,
9165,Ute Pass BOCES Total,9165 All Job Catagories Totals,BOCES,27,25,-2,15,12,10,44.44%,
9170,Education reEnvisioned BOCES,Adminstrators,BOCES,10,13,3,7,3,6,30.00%,
9170,Education reEnvisioned BOCES,Crafts/Trades/Services,BOCES,0,1,1,0,0,1,NA,
9170,Education reEnvisioned BOCES,Instructional Support,BOCES,34,31,-3,27,7,4,20.59%,
9170,Education reEnvisioned BOCES,Office/Administrative Support,BOCES,16,22,6,12,4,10,25.00%,
9170,Education reEnvisioned BOCES,Other Support/Special Service Providers,BOCES,3,6,3,1,2,5,66.67%,
9170,Education reEnvisioned BOCES,Paraprofessional,BOCES,29,67,38,16,13,51,44.83%,
9170,Education reEnvisioned BOCES,Principals,BOCES,13,13,0,11,2,2,15.38%,
9170,Education reEnvisioned BOCES,Professional-Other,BOCES,27,32,5,18,9,14,33.33%,
9170,Education reEnvisioned BOCES,Teachers,BOCES,257,280,23,203,54,77,21.01%,
9170,Education reEnvisioned BOCES Total,9170 All Job Catagories Totals,BOCES,389,465,76,295,94,170,24.16%,
9175,Colorado River BOCES,Adminstrators,BOCES,5,5,0,5,0,0,0.00%,
9175,Colorado River BOCES,Crafts/Trades/Services,BOCES,4,2,-2,2,2,0,50.00%,
9175,Colorado River BOCES,Instructional Support,BOCES,8,10,2,5,3,5,37.50%,
9175,Colorado River BOCES,Office/Administrative Support,BOCES,4,5,1,4,0,1,0.00%,
9175,Colorado River BOCES,Other Support/Special Service Providers,BOCES,11,13,2,6,5,7,45.45%,
9175,Colorado River BOCES,Paraprofessional,BOCES,10,12,2,8,2,4,20.00%,
9175,Colorado River BOCES,Principals,BOCES,1,1,0,1,0,0,0.00%,
9175,Colorado River BOCES,Professional-Other,BOCES,3,4,1,2,1,2,33.33%,
9175,Colorado River BOCES,Teachers,BOCES,20,15,-5,11,9,4,45.00%,
9175,Colorado River BOCES Total,9175 All Job Catagories Totals,BOCES,66,67,1,44,22,23,33.33%,